0.206085729508701
0.51030160184498
0.8433797926844
0.670894857342772
0.677382184507969
0.0496151717610728
0.239470893162988
0.902693974740195
0.136899967275979
0.626544417173855
0.560434952639246
0.495234229832531
0.73587501595536
0.52746238816877
0.0933813276204194
0.759807185623705
0.539043360175119
0.112628930300767
0.877565463947861
0.244074121231248
0.309112690533098
0.5128472864222
0.871367508485619
0.550195016223097
0.792033634517358
0.671992787007239
0.262305627699152
0.258530480907546
0.775594391755571
0.990123995109519
0.815121106251665
0.100583589682627
0.958367520458236
0.731086679143406
0.0227700770007307
0.521758572441413
0.296808976352592
0.422434626343862
0.0459474739832559
0.446618099439246
0.210764468280023
0.0543878106653634
0.0954036713090742
0.847532106958112
0.24805459484833
0.855679602760672
0.866415223510198
0.041277308501898
0.404086606299545
0.243058424556189
0.706705094178536
0.456640289377719
0.0982496347735867
0.00221688579871174
0.179851580494946
0.693238443086501
0.638934093359361
0.293184776461304
0.878861222825414
0.00538939750072984
0.78730954406192
0.980940412255442
0.127099582984624
0.14677597216646
0.81142331092219
0.459851362956619
0.536866709374295
0.00478833681195431
0.504692311168039
0.571622755179006
0.462998209271113
0.116608733831257
0.0666814563175111
0.430947364508616
0.0333096529512245
0.254724879867735
0.417443615113126
0.023835401527507
0.302140421374766
0.936354031756685
0.805577563497041
0.221028319197254
0.854443874608001
0.532535967199381
0.283418900930983
0.358480816873946
0.00233395490904057
0.956150634659524
0.55123509864846
0.32953163391423
0.882824479082052
0.00362419989128793
0.543573403518448
0.0405580764825261
0.659308555377325
0.229824056024581
0.927288227680739
0.948627699142614
0.0361087960359216
0.788203231891712
