0.148613391513291
0.676726530155505
0.311836222797556
0.170393209983778
0.320341362301419
0.331492678416657
0.765464009142231
0.271352964114096
0.990436394694464
0.0955550852676644
0.518352698776104
0.373072548011817
0.155482117159051
0.129952677120433
0.59857171196424
0.137718673859592
0.661780118319104
0.444772653954463
0.636920052411463
0.952180360887284
0.553683574569264
0.720978195649096
0.367424670777947
0.125727074744984
0.143191320888322
0.614948125376808
0.423202012396977
0.064612710412877
0.281132059302708
0.315175439377863
0.475948995200893
0.676222910953789
0.771563369208743
0.570020769522535
0.539664197498776
0.432071062006089
0.209503090572312
0.235224601456534
0.442738503889525
0.053291665880611
0.212308415776262
0.382797046742773
0.629681981927567
0.579973893044504
0.790713344603178
0.508827819725884
0.404063784705505
0.587139591382416
0.905686697413068
0.0118791591431383
0.746197078724483
0.122642293163874
0.704640433986038
0.133829613278541
0.810407783282179
0.427635195864195
0.309301859377558
0.186109148052572
0.0272018890954563
0.705393236924612
0.908290666019679
0.700851298729354
0.990220904811388
0.675260955316602
0.619606090066771
0.842129787822314
0.601509178803074
0.585461347636516
0.590288479621656
0.166500649958151
0.92821558328728
0.426555516862569
0.00203415006493877
0.583628386530852
0.739871945111021
0.170886527826491
0.0912962137215288
0.787450777733443
0.335013730141806
0.634363501162437
0.210884340671303
0.836062421014562
0.158926012999809
0.26925290015957
0.568978360653379
0.353306702037019
0.971582476967751
0.637733755930203
0.759612986240356
0.112029001634581
0.122769202628531
0.0233939425197402
0.208022712361078
0.737345266964913
0.145000999860932
0.511457117046908
0.392576141931385
0.954421026610965
0.960367802977733
0.948583556780863
