0.155769447868583
0.357830542306337
0.633770002812971
0.734890427316954
0.371266868604006
0.427824607783847
0.849616618291296
0.226045394421576
0.7852604998207
0.580111234718986
0.828657051934235
0.744475429758651
0.695008020706013
0.695843849189507
0.290364927281796
0.615618611972601
0.754193227623679
0.587832202477303
0.940146392183447
0.48709569242182
0.151758895791955
0.718539853914892
0.353726492893755
0.262109006877108
0.123602312581428
0.362187188753014
0.315115040780564
0.0934280548679773
0.691764165969456
0.281176593285602
0.869090241784738
0.219703584546085
0.959743973780304
0.884262189215171
0.10739565319726
0.973040745581054
0.99040941241682
0.941098831100901
0.404486467318836
0.880630755741443
0.306414932155244
0.155260704530059
0.195351547186892
0.634992473588787
0.0174901471554721
0.289435398434026
0.117416384684581
0.338286648661963
0.378305675638051
0.618494618972062
0.495687272164825
0.337963259004971
0.410301024750947
0.567143411639679
0.110623204200819
0.43722959395369
0.00410404941258209
0.371660995935863
0.611288114735525
0.00907967985099167
0.112709567003283
0.756188563423319
0.534281228452121
0.504083906535098
0.711020992934248
0.60895346738815
0.784731455978347
0.810745831490842
0.588448195992246
0.317324181700742
0.625209199555781
0.813094396522778
0.183345735158467
0.0595156364420036
0.180680760266576
0.996498191261896
0.523188306728
0.718734019304968
0.244618859721636
0.834166914147403
0.244770804068433
0.976828392118601
0.715122379229927
0.0732695469973933
0.785489321120777
0.531126982779767
0.809402559795139
0.392600562140625
0.773638985014352
0.67016605924357
0.968936696168471
0.618748416480957
0.329810716365376
0.395406787467844
0.76792118873816
0.550226368731925
0.620979476077938
0.691267640651794
0.923971480654539
0.408536679767322
