0.504703942455679
0.30667055319374
0.749838452669717
0.0609814939373087
0.993285419416281
0.682592875642047
0.154617523846504
0.350785388308943
0.386462651373103
0.114125012938923
0.91404128722569
0.285370030107615
0.127042136214227
0.777121200588123
0.764308875782559
0.135881174884681
0.0410661841933924
0.461011681454727
0.718594585414321
0.179894010154481
0.799550907593011
0.392130893837721
0.0371068464764891
0.918282136748676
0.348387485532271
0.0064607830748245
0.483283680157402
0.787938947690622
0.291594447703843
0.630454391534652
0.375518715183958
0.831920666076206
0.794762538650428
0.836082179954314
0.329462971691723
0.938100250874693
0.226989939448885
0.654140885292618
0.0799841275811121
0.10289644547873
0.376509458933263
0.458617171486196
0.0061379107675226
0.65951397207543
0.75612477201788
0.683566666060857
0.491706280266729
0.552689515777253
0.631097911685285
0.632040013853479
0.509160184538532
0.159967794623211
0.972673055237472
0.744077470500058
0.608985772174311
0.112573048617958
0.269563706717251
0.83155631592104
0.712594008405038
0.986824636341457
0.199309195484644
0.366678576155882
0.0591909406050998
0.756008259838451
0.738606297754965
0.0821206211494844
0.490607491457186
0.290959956259914
0.447658228896399
0.826208624907866
0.908891235435797
0.386925298900774
0.381027553873615
0.615698139935591
0.803384551221218
0.340933736106816
0.385992983070199
0.377592874401059
0.162157364730796
0.664820819471414
0.514754502808095
0.930594164380149
0.156841036005337
0.659554433850364
0.12129420699612
0.215550920560747
0.859247610838733
0.0506850681503699
0.227096407780003
0.216889923073766
0.668536544157442
0.395433623527844
0.94154687688758
0.0931594912396555
0.903587249994086
0.00983088277738117
0.399426230881096
0.250129650929072
0.920907674320465
0.674004150868395
