0.19295917460367
0.200746324006816
0.105031286880854
0.804889286777419
0.723148778417683
0.122234885637758
0.778940240749596
0.356974915301881
0.94069291927884
0.268052036067495
0.726580065547759
0.891970832316191
0.669398951190244
0.0477731889336245
0.472070133533361
0.268715031104495
0.209837540150544
0.399636506754736
0.634714052842331
0.523055377194218
0.222873010310751
0.439922423306816
0.0638635484799107
0.230768305822633
0.157672080750424
0.513457611907952
0.445378422013195
0.28786806263396
0.712110889941506
0.793553668443837
0.94150750522572
0.135863332141127
0.456685200080595
0.488153213862401
0.471861644867743
0.31400817880128
0.825562877499295
0.351951749227919
0.936405655432681
0.999059321358362
0.436610679811151
0.502272695536852
0.10999214887153
0.959044371712508
0.490309857526007
0.776565711841251
0.7260346723376
0.893773687953955
0.621089357706294
0.63487221888959
0.799993342626837
0.99978972412636
0.615415598086741
0.397852297126247
0.451131140557644
0.753036751296854
0.136882775526905
0.874262981058221
0.647217206026994
0.20969116650973
0.676856463624563
0.491072178115636
0.644864025360376
0.147139250835003
0.326544530841775
0.590716733406632
0.435285632235597
0.181245737327843
0.575911544065881
0.158061954732082
0.4431521536052
0.857885790922626
0.463230851322054
0.635654731483969
0.086444697383067
0.720600314773899
0.329930274435287
0.104819176767403
0.740458448296626
0.381106368909174
0.787422939570352
0.551604734059239
0.666778704927666
0.0772386710519151
0.993560325817
0.941717781099359
0.520447734054386
0.0588329029543479
0.0370220733047566
0.718824893570889
0.177125403274375
0.951299896441074
0.704734543200924
0.726714488922951
0.322202857733799
0.945538501695515
0.857408670176477
0.962852898036527
0.632499840870732
0.899593124119375
