0.120626786314243
0.576553847909232
0.229631034298628
0.427477081971
0.8858013734621
0.402111334447801
0.952819620702797
0.765647189582534
0.264061840374052
0.9190115793231
0.885625380969432
0.204258781487243
0.114629586280617
0.985238983754646
0.20811310559889
0.0784089994050604
0.856845984634406
0.120662924889784
0.611931343382192
0.15726975917689
0.826529041783199
0.874644209106753
0.271668129261429
0.879903312250927
0.253583680490769
0.501951992745489
0.463068388618095
0.00980896689454511
0.913601487369091
0.86999655229505
0.782760511051286
0.62943135184675
0.51178529137363
0.778665881500889
0.162098039017105
0.953328959156447
0.192411275204463
0.90268176277293
0.333837223860359
0.0612116130353937
0.793865830541526
0.115172989720094
0.842823967264418
0.780566023560504
0.634245967787805
0.0404075742887368
0.76773935079935
0.00931267580451103
0.333548356468579
0.983989982858296
0.214586844767717
0.564401751181298
0.541476429692226
0.698812788212119
0.134073460537043
0.24598257720749
0.304885718647803
0.349727722047701
0.17389340148023
0.383849380716611
0.939042945829706
0.943010653808252
0.852045702213443
0.394065288079002
0.136251068271813
0.256194029122681
0.692473490113613
0.335963704779727
0.823140944737541
0.254784146442443
0.885997724200598
0.954164221861476
0.786825701029424
0.550719730346799
0.363403928635364
0.711356052063106
0.0318202418423352
0.491102105700924
0.245657344463122
0.213176106202032
0.734212641946139
0.453755712813584
0.676260610425966
0.929611504510795
0.655409707527333
0.218358759869988
0.0879549221545248
0.812972503161511
0.644592420963846
0.916115461809614
0.648443240508644
0.842683553156761
0.7287883612927
0.949987843143748
0.122168667205688
0.850855176733274
0.263127287506651
0.448758679185416
0.644314955288691
0.378051938665124
