0.347934084175124
0.431775646019623
0.18617173106697
0.0787642100261358
0.0979922586576977
0.260422622906241
0.777576050151873
0.990756699345427
0.335408859576755
0.422717408473938
0.214162335365155
0.813783612946879
0.10407037758458
0.960717295278198
0.649636738770472
0.485287233016122
0.266750043382286
0.922434197702647
0.738655580551669
0.917892308401825
0.168239106968157
0.879500986952102
0.691371283815881
0.907025482927927
0.6063409059338
0.0433141710438366
0.225375860568777
0.836837857885676
0.428551063141111
0.512548751902091
0.448228764556455
0.583061562656919
0.846787150412233
0.867605405797998
0.865242022026909
0.302436995926517
0.267583981746614
0.59749640039983
0.831619245853098
0.394987084621092
0.440782709718115
0.0971982228090978
0.477563643584756
0.221875012489909
0.70195312644446
0.834659627561765
0.738613175572182
0.768071066014502
0.300351104373276
0.636881434189566
0.584105133350987
0.340693089804004
0.710103098633747
0.726422646886866
0.209812831696967
0.468433097223022
0.740404362203742
0.279146248139043
0.472423304092336
0.0546780876138611
0.0350467623374643
0.940738192266197
0.562205636204316
0.822860107674664
0.974488643917483
0.631100772708236
0.966996462534646
0.236464971786581
0.0954752732512892
0.347199742843956
0.217703251269508
0.669253642982456
0.0908149518495495
0.343668495930577
0.47710959868371
0.0710408841590588
0.401937343367346
0.469496271325972
0.205072356483467
0.771681278372035
0.304700995471655
0.457304794554275
0.536486753512401
0.791669628951545
0.928443618551103
0.107535674752451
0.872958464023172
0.120364503525367
0.657792574101031
0.396808924803887
0.562032633722775
0.98843773360757
0.125073096307494
0.776941158239237
0.359940322283628
0.500044517451918
0.534992586604782
0.654703535910092
0.247386368572426
0.0708523537362238
