0.11498337477212
0.295831495102416
0.6797854465804
0.284429706765539
0.615827328812251
0.176429638721249
0.585820136864586
0.794201735311282
0.817022122823178
0.0938935033482935
0.871762500550487
0.67355934329031
0.648966955323223
0.728916941084395
0.941917740712835
0.778383761541165
0.774904548551377
0.215956168349812
0.756046350466109
0.313903105591379
0.657676532705164
0.910893368027589
0.99751304369304
0.395321217549649
0.969067583777508
0.131105545037941
0.540702839168116
0.114590679814383
0.714744753537115
0.473687946085673
0.664432675887101
0.315269834043118
0.502337331651867
0.956583976725388
0.943346234943413
0.949150710342988
0.143651928353893
0.0518863611164905
0.0357346441763149
0.960977816936084
0.74481449310892
0.831818129323338
0.436337013466441
0.486321795026922
0.128575181182742
0.233083249178288
0.792167878612954
0.791094568926419
0.682241069936306
0.138753411890358
0.0796065964175419
0.767181271578735
0.30714083849785
0.753358365387357
0.797826084679843
0.204090006744531
0.298318451409376
0.284464229030751
0.315362122988031
0.48472178377431
0.635726799553133
0.471229457050203
0.0794569817741667
0.343334176737505
0.429460827461193
0.556492666507369
0.171222011638443
0.692382978597834
0.785570706140981
0.992767030369848
0.634731833187273
0.723018187434887
0.180221524173497
0.795068533530025
0.569088612482459
0.825858403381826
0.474556354561148
0.511191248666118
0.266746036366907
0.735984334599219
0.338937666424987
0.749608270241697
0.432349609878077
0.575991341646757
0.394081349668131
0.897251404308365
0.00812899554526852
0.74897896626451
0.158757892045545
0.739256228198882
0.650832258933611
0.859187699323142
0.736524238128459
0.551012860402005
0.325251017382951
0.273585036058717
0.752361147549171
0.0930028367289355
0.0568609675657288
0.572082514675373
