0.242326354720782
0.974509953043661
0.627607158211808
0.0795397656408789
0.989165388508311
0.274877031927405
0.366412018130725
0.879462685845542
0.371137967040361
0.0610915976860987
0.0454507023307731
0.863824034977622
0.60557626681662
0.673941686131964
0.875010989548178
0.250821467605802
0.649094616830859
0.18117660990971
0.390975964437693
0.831131931781365
0.332315185727698
0.207121684778073
0.11834393121225
0.913737005048309
0.0683473148701467
0.982253408516875
0.405564907195775
0.21546578044792
0.237903176451988
0.0876422399131778
0.127801015101281
0.37677701533622
0.143354794542936
0.3573019529494
0.251716211555394
0.340391722666282
0.49224231787596
0.207369961872404
0.2123644306382
0.606394970606265
0.405179700071541
0.107484074825181
0.47053853630579
0.760418360009984
0.837536204996303
0.0152529506083824
0.205203290658632
0.741409453442977
0.307567791225187
0.392099716883199
0.272558575622998
0.942640822354071
0.207827523913154
0.0851650447981269
0.678736038822092
0.035204669942709
0.856166021831411
0.713870153163499
0.0111924507707322
0.006911979991436
0.86931212473163
0.150946237682806
0.641559509393554
0.283495727127183
0.933290582584818
0.668673686994553
0.720469240434686
0.24827431386722
0.422225474576571
0.534619266881896
0.758579149729842
0.441724654958455
0.96881217927151
0.784580993831428
0.425952231709823
0.224831110902518
0.736583148472283
0.357925571202266
0.0762008000520062
0.0530943642617643
0.777050117858243
0.664155453752799
0.907897989222732
0.845803459568789
0.81508366429018
0.185160192747209
0.168949491423066
0.0581897497448091
0.678565914127308
0.216511541612685
0.484225700834871
0.778372164712461
0.196177511101671
0.205452450646764
0.737082845874635
0.254233462388736
0.465924565431627
0.187042809178607
0.827127777425166
0.168862518001749
