0.530908134547485
0.518414835686989
0.25189175841021
0.498597392113226
0.297098366216337
0.938700912026084
0.817399630238023
0.231990123275663
0.302733778163201
0.971411863328615
0.782084360151591
0.21932493765807
0.92261748291674
0.869309552884339
0.794402817634122
0.540746960109448
0.733771162914937
0.0115697607451909
0.827967788944006
0.0738686770544707
0.110176626178518
0.40311818495538
0.652109992994047
0.870749786435976
0.23363839799242
0.357159099242258
0.900667974679111
0.0880035590790229
0.244361405374651
0.86937719298032
0.598505078627963
0.181590795135866
0.0585150905225962
0.374849460262269
0.947321580698398
0.415659791517844
0.577455741156571
0.725382528605583
0.733586661859223
0.122097475511067
0.00720211817287007
0.00581338489698869
0.626944958524287
0.699532814649647
0.252420544741871
0.453668015288966
0.86225753969618
0.526026749297058
0.549089500470594
0.1266515208998
0.618769410354444
0.442232141011503
0.847975247934449
0.214451108227694
0.551565815485812
0.127789949592105
0.866304842692942
0.381141971974234
0.264958994120806
0.939939266974078
0.038032937346973
0.729396071159
0.987628717901012
0.433356585182881
0.372906784700652
0.600493565015725
0.160809847135474
0.54776802265447
0.921987972185941
0.378743026116278
0.963291218952877
0.0083886343093536
0.277983098885968
0.705870313432939
0.0666665588816007
0.10436324128153
0.776173226431093
0.952577178344399
0.618329241694105
0.779970382703454
0.494901559546078
0.374641225382053
0.538914058608429
0.11770988447485
0.250607782625876
0.15627293761646
0.333615547201417
0.844063982294902
0.823283644776458
0.819531631106293
0.549354948824903
0.196313769182336
0.460423534484777
0.793647394885145
0.0840645381640943
0.27780604701387
0.0181846669959764
0.193588373341406
0.326626029948995
0.651926979726146
