0.292858168153492
0.31448951704171
0.604038777111116
0.170346474354317
0.163360301946923
0.61038077604509
0.164249042125535
0.142104934501511
0.147784549346093
0.447202574204282
0.351616723161012
0.913727664348543
0.76281273028013
0.484988611417352
0.445037707428
0.66339171196492
0.190482012550571
0.869918833426162
0.182748802557005
0.216633847084192
0.266878017814307
0.316745864840572
0.724484377878012
0.102456341079649
0.829388077291375
0.766977449770541
0.547965099824576
0.484335704000823
0.621805775268844
0.78886051186773
0.0861785742855531
0.582584853089687
0.625951148395404
0.966402261967958
0.487112214549963
0.180412042504368
0.770602448270937
0.368567584254112
0.954349582527927
0.640227006580786
0.992023895490926
0.191510612699907
0.696279432948809
0.376081070572176
0.46791490794528
0.63562728447636
0.433501038902207
0.975434923067426
0.348609687457145
0.420672826199174
0.0873240344632994
0.148265833569814
0.0108395707844009
0.109992182864804
0.385048961911839
0.97611230331292
0.590005139163698
0.501582436031467
0.340958397062942
0.396382852176383
0.0624156762205137
0.679913338124712
0.520299159232666
0.358924037478363
0.361023999918729
0.769031870071325
0.287776515953139
0.796410468312172
0.997876396867389
0.264625664923631
0.892789263693983
0.821914428296459
0.915569250898235
0.542521795976219
0.224609951593266
0.0753674051144008
0.620466431891763
0.348403307305837
0.634541433134368
0.193760792815015
0.333476410868334
0.57253017675715
0.135726016543678
0.20113294906967
0.701536477404431
0.937912740715739
0.571745282305286
0.5159589655306
0.581353300056119
0.510999911237042
0.590406903340671
0.269020012239469
0.0276091871911703
0.557966730351544
0.577811330360273
0.312110557366214
0.67121145346724
0.337355395470446
0.0150570706534465
0.698883037873955
