0.347850768523221
0.637090570590035
0.977558526200037
0.0839840225335136
0.527883562505191
0.26540960616684
0.232696582671579
0.468317774808182
0.885382231271538
0.309681556797438
0.355645871421157
0.241601831857861
0.867041002897099
0.147197604247927
0.0629064413080488
0.489885499463363
0.544187321581034
0.319166210162996
0.657387560073932
0.42311125920299
0.197286587766039
0.771817550422539
0.215057168256052
0.486876485630347
0.674218761582961
0.623769251454514
0.794305241105289
0.357602520546691
0.964710465615946
0.912499394227052
0.404155951647161
0.283111036421317
0.33334623665239
0.935658395260413
0.845910024291794
0.696385840278299
0.594971650557114
0.0517419940101644
0.673249386564479
0.43612687123759
0.705216158044159
0.103427507497104
0.630576734259062
0.271671743258681
0.155354039815885
0.34880507148281
0.40197900934237
0.880411582943244
0.495060289043496
0.0879258308969093
0.76792323578518
0.352045243304244
0.679967835396513
0.591945811450456
0.501596450107916
0.576033218100682
0.422033402333983
0.49068204056969
0.409765260950553
0.904114311050677
0.471104365061552
0.875094062124888
0.503607309192236
0.972882837044486
0.905525605150278
0.0725348349998402
0.908255595205471
0.931382607636686
0.301287579956133
0.36652060102975
0.89491384890625
0.492445327570869
0.645916823598518
0.221260688836342
0.717895101158831
0.0938590802689358
0.141240816163477
0.943385424997371
0.331522445814462
0.325413690100151
0.221790242112144
0.913893658162045
0.862542231503195
0.876784634719037
0.144576158441871
0.0521107083429167
0.603143201024804
0.741400425201934
0.434061945152498
0.269876806191111
0.274352437944316
0.104289609987424
0.641976733059612
0.769135075513802
0.965022506176039
0.830122095919271
0.599820198304867
0.657693897214576
0.366146138108403
0.0828192048160449
