0.640353700909928
0.535472679201268
0.276100159751298
0.584885085273946
0.211189427511389
0.99881100421716
0.490636748024559
0.915236097255366
0.09874579175317
0.208200100440625
0.144624145768873
0.580628808392505
0.240000448767096
0.722593086176828
0.873892041330176
0.0450919121713806
0.178458315869075
0.21705198251505
0.465263557371341
0.602978008148716
0.423433623939489
0.222811782836361
0.293855799964562
0.44552173299972
0.719984128940843
0.558818901217924
0.226202065696103
0.410298317861882
0.493773020102537
0.879733979645993
0.68311749989312
0.77165090701154
0.799026490561211
0.874665977374961
0.780718787936828
0.911321485373807
0.695868958111791
0.600492052082201
0.467422051107242
0.701347074332343
0.50407529226694
0.468309190808008
0.305814511750738
0.975051265198296
0.734820173929827
0.955248219871543
0.0830185530162503
0.155721362287049
0.55789750467888
0.631169598377854
0.426228214719439
0.222316240995338
0.356558208519853
0.425440341432318
0.823324269998504
0.417541918073568
0.241616879236706
0.830578426751577
0.864900956333103
0.652370526293465
0.772608938521058
0.0803384301626768
0.421463077152829
0.219011812107177
0.525082600547505
0.372973238757333
0.781602317831294
0.365334471392135
0.94187429824
0.962570555956369
0.349222954059589
0.577966263786874
0.749629931407808
0.763916483038998
0.0989027158817755
0.955124433131481
0.916997271085622
0.318804534766266
0.710701559069893
0.7647359090693
0.475800348201674
0.0704807034090537
0.852400813183003
0.862603421724682
0.453505764926554
0.460801258897782
0.415092698491687
0.373586149128893
0.0513417073764567
0.363176869863261
0.669704606137101
0.865290531360214
0.735591095749098
0.815051524813777
0.928738135811285
0.423736862104264
0.0468461136551789
0.086802699643561
0.449968664650791
0.361846935172494
