0.38952282741178
0.289148665167926
0.0492893643906756
0.683920535111763
0.317702959439579
0.293017049456489
0.72829969214662
0.386752504569829
0.859364271098452
0.491341484939373
0.0671254447973917
0.962188774236566
0.649441292811856
0.374611996288696
0.362873350439069
0.871653088774371
0.042834532932767
0.260251489123447
0.147455124718815
0.741748620170052
0.346308717665406
0.130431275409847
0.979765855232145
0.987682785833107
0.633991279003206
0.739598207054473
0.431823279444046
0.390825884133031
0.697218448248328
0.172911612397484
0.241068966333321
0.844027868399409
0.0136597235750685
0.971263757427811
0.722562929951848
0.95669996550153
0.888568966597584
0.551106055058123
0.917606200984496
0.214345875761633
0.584300180703541
0.461097853007306
0.382381040780983
0.597673961705376
0.525915013405455
0.700444453722073
0.0773967719065942
0.057551269911952
0.079959532748889
0.899226476391417
0.060160073479712
0.496476076774521
0.770524813686742
0.143373887587047
0.105637636084872
0.259091552001932
0.309382809935782
0.0616065785575689
0.0499292561085565
0.578104752385106
0.861193770012443
0.337473808013589
0.689534056321501
0.686452658700968
0.250272518606052
0.223097576397982
0.948529050661497
0.678177535384045
0.652049066336848
0.406173384937538
0.983084122176787
0.491728477874644
0.342645288138951
0.933109248957182
0.15744843946651
0.8852108646581
0.748050234628865
0.382091893526768
0.461767772427652
0.933546825281133
0.662201435147878
0.374272009532094
0.310866351384142
0.797991971856911
0.112751538917772
0.7445928895588
0.0735030547126676
0.870285835988021
0.865626121342939
0.463471377949916
0.647317155565749
0.826962388040015
0.501176798949566
0.33950144859939
0.35315210574919
0.246826372689952
0.771563796685805
0.695928382080015
0.347401443099324
0.302817437007473
