0.751915403060576
0.399219236522549
0.405502203575104
0.67378614781135
0.91614235421463
0.568431595605068
0.15383078863557
0.83741556472956
0.985925448120537
0.220426771426772
0.511041317373068
0.927290916409013
0.599838806129917
0.116382430827423
0.915903317237228
0.486921760480349
0.0266074566294474
0.89154208446459
0.573701119783195
0.505679629047252
0.149594521685315
0.0782432146734759
0.812551414041105
0.188577688386933
0.75885622937179
0.156121734136772
0.990551678925078
0.00314383953956135
0.579957143207992
0.910622066776558
0.113647067972295
0.0521218525488497
0.0346904504274439
0.158950335420179
0.181631422220558
0.262982198625329
0.96876980595699
0.637080203572791
0.88184961764228
0.544319943312705
0.59076210092323
0.236087489983108
0.884360387867484
0.645199349916167
0.952430060576848
0.720026239156735
0.227123581910098
0.384794368122143
0.423598131362162
0.866230345268841
0.220218916060505
0.880021712221215
0.12222726229682
0.841721814052072
0.153222915322158
0.6736721883871
0.586667822481444
0.216924515188171
0.914929918439561
0.760020620077858
0.57787991667999
0.150686949096009
0.257458421521568
0.0753033813439791
0.106779703454478
0.458919464824218
0.892600465981569
0.440888470709738
0.934751008606866
0.652921118611899
0.518151954523358
0.389527253056656
0.00969246682230964
0.0293811764704907
0.914917528124022
0.913507031702207
0.193882826805992
0.167352064124938
0.236147627810085
0.0388299902150547
0.928998152226674
0.605757310802935
0.5795457081774
0.713726797939151
0.690403150716053
0.233625355751079
0.92989459025203
0.192968636375372
0.00572742009802136
0.507959233833458
0.676314376143885
0.75184529076882
0.722150285133231
0.121828997564422
0.966440026632715
0.440075151827221
0.97862906846154
0.809057006523505
0.53841964646169
0.49351059575263
