0.827425773175166
0.78623511120036
0.450043359515277
0.770677012750263
0.348078390745483
0.830691663003849
0.870329245398906
0.092846085826329
0.92680428592805
0.239715883619951
0.479789361581108
0.419315758356506
0.980776887378086
0.876099928224506
0.831022467851184
0.972122605877054
0.571141240918609
0.543731623582417
0.384900230627926
0.873154347703398
0.529024874572188
0.699631829606198
0.435161050611716
0.426791774773408
0.976606742468014
0.766306663754539
0.667376967923426
0.887863469257887
0.0629411498377757
0.474842376296801
0.934877963240667
0.384825820282486
0.628932417663248
0.742637032057455
0.211404217039889
0.142763041026314
0.155713951287658
0.808868695427137
0.365648407193668
0.859711487712204
0.363296110352174
0.837048504425701
0.266164350447321
0.76601153647807
0.0281698722523497
0.256998617787379
0.771068403390734
0.846050356908725
0.290806529713239
0.994317420755661
0.868933910908612
0.434897444879123
0.424156775895579
0.665265298758291
0.964485721180442
0.127793943568968
0.351074060588644
0.0232515847418697
0.794070270282249
0.581771726990944
0.163314695080423
0.982465776141018
0.0299049359885533
0.451961909631249
0.304837920379284
0.0949635412986221
0.790383340693257
0.238139855320631
0.664695711184617
0.688259426824869
0.816408654589396
0.762272545491472
0.178083216388749
0.525188742915722
0.509858237351225
0.691976370146487
0.433467479158876
0.669149514133646
0.398621902521058
0.719608124680635
0.995238260363805
0.821326611014701
0.597056939544648
0.0686237290821149
0.605908465388188
0.499980518361545
0.960669044386907
0.963667118904957
0.778151310877014
0.0836102734709206
0.79168898043767
0.132462366545788
0.0147984251448877
0.783876680202725
0.696396792631781
0.380830334211155
0.807143568437148
0.814202440816072
0.461173616098787
0.933206330953728
