0.466615277094122
0.532928548070103
0.181354645724108
0.60254710288837
0.177908766166265
0.10666136541714
0.256814228490374
0.898968032979857
0.155407061407066
0.272509351033955
0.694326464410092
0.681924546454998
0.624629682220812
0.0744621456016144
0.586533466627138
0.341988084065722
0.38540883659637
0.961281206906438
0.846053444243061
0.804857402017739
0.134294496911715
0.8267162217883
0.459988544443617
0.581085437713696
0.896570446387199
0.683946288043608
0.747474120346584
0.394206536186024
0.828791950283941
0.12902790314007
0.884832801709339
0.619265038342804
0.207975898034859
0.46541557156733
0.252992847586513
0.462309712293702
0.639971965290593
0.994509836656279
0.89071496291585
0.499247099971048
0.24316628987117
0.0617010114070498
0.808260057497891
0.505641959843059
0.389283809060829
0.109764433982672
0.507832684324976
0.940336279543273
0.197343213575586
0.354408708566059
0.995421497614785
0.845862361530709
0.968148996573011
0.656316214081047
0.798911834042013
0.639899055305821
0.0729400036264863
0.600269208010412
0.705976656501171
0.493962478122656
0.359187245070556
0.86260769230435
0.0701760826959163
0.0263791582669966
0.387676549324615
0.0750614260672878
0.473948648420139
0.159214110653482
0.821469298015101
0.124223754333436
0.702016118775129
0.390898999940091
0.0705662439905881
0.346806344272013
0.561691112146569
0.0725934855046652
0.0184561642904096
0.954346584600558
0.191801628652868
0.786806012404527
0.176113603718632
0.807137840803311
0.196863322610438
0.474383241717882
0.133606405525285
0.0389704401786301
0.651116041769793
0.551659683953812
0.666503737525318
0.613093792280692
0.389369708667216
0.0397027572801815
0.288533180155108
0.396752484793194
0.140059854900492
0.38055859756682
0.991524928711134
0.781880899230894
0.117965410518444
0.314222382993541
