0.672745882381101
0.387509121740008
0.655184926304587
0.503563115142082
0.215775076400384
0.370950651527825
0.382916152189912
0.742831339939884
0.891135035963326
0.508485029688331
0.537895160046357
0.424973743699944
0.787943217338968
0.85631354006767
0.672552380092699
0.490750046209781
0.712494382500879
0.759733971562113
0.527439003590233
0.41242895806787
0.958100008293102
0.905890498732166
0.0408867635023253
0.300626205420413
0.160281940437985
0.624097477003977
0.692093775464266
0.811287788120698
0.639283951203937
0.153596637842058
0.514282144379933
0.798226416482696
0.400577944889934
0.937125038791972
0.858426566169796
0.890913715535269
0.276143294887684
0.941588618765394
0.591487394921243
0.7870310567259
0.830631510741371
0.334603815495318
0.627042440058218
0.740196574824022
0.372236638037598
0.522312874683325
0.482067994066546
0.355847155840996
0.0436395942436716
0.954871277769502
0.723054487594894
0.378366935708731
0.824688916944288
0.102878320078775
0.185282588557006
0.766855383648935
0.346622358237683
0.354558720884174
0.343281174704098
0.591677599396407
0.67885687606356
0.571628364069214
0.103547388735948
0.737538398121269
0.994202885308397
0.739668743563662
0.0243957988100107
0.850818178546996
0.997886973897874
0.78163866455743
0.214606751322098
0.770905763735485
0.16824657664087
0.740407946864333
0.581797447326499
0.623496192797784
0.278848058673948
0.300690188678303
0.928389567382815
0.63796906575466
0.142029482937432
0.336246619623269
0.767648193877027
0.684412673434435
0.430542150247163
0.135915208671203
0.973537499538407
0.297699624811159
0.751842450234966
0.0915711825208604
0.544291357297586
0.92158457400351
0.598307444061296
0.999809795524836
0.108174180662341
0.259003146672157
0.23105642675937
0.889504041936949
0.745993689515625
0.632567894473936
