0.497917075873314
0.63124981551955
0.357960181943122
0.262000929686241
0.740264526447404
0.952148723859409
0.210120359067861
0.0842809700799552
0.521080872752276
0.561786395759222
0.488007324974987
0.0459321695593801
0.426169153501358
0.705312108949438
0.449648116458975
0.34261025644029
0.803980170192188
0.419134715301513
0.306996247874105
0.858287676637195
0.766131244025254
0.726696173998851
0.0989757283120303
0.906315791377013
0.237347307259844
0.293022177318587
0.172598319674189
0.168436781116033
0.632233766201992
0.322794300654342
0.392439766038414
0.389344016736999
0.554696499162678
0.295821672908879
0.140051989881346
0.510779667417882
0.978286437680147
0.505647264190785
0.94414814698703
0.478393426387754
0.925794849603341
0.889256529458452
0.776618752058884
0.190056054475743
0.603563857545873
0.498359187738206
0.495415420502152
0.892995335111858
0.550161679065862
0.76556392422205
0.455022976479969
0.811921711457857
0.582507794062843
0.88770601287843
0.866436650448682
0.771220901874463
0.532274087207519
0.451644390566109
0.024653622426397
0.447242349128817
0.77955040418522
0.0416835779518278
0.452047203877963
0.198286572097934
0.169346629720808
0.0986633082379882
0.491235670396702
0.13034748059248
0.565260119068092
0.938868449041093
0.364323818760144
0.298332906001403
0.474986568314483
0.828602821486351
0.932492827033854
0.876874714566802
0.950077421939968
0.908919673836287
0.30275193383114
0.738988119521638
0.797606756816435
0.279602984562331
0.618275102050172
0.866669841979942
0.867771324174372
0.580518054580557
0.806836222674156
0.666990486284248
0.429385022460197
0.368831088006883
0.978505580210362
0.526642047114038
0.480993641764388
0.496905797858213
0.698843022202534
0.884111271651513
0.43720932558049
0.578332179960949
0.020709424754935
0.504900549307885
