0.62240978359357
0.000186969991860432
0.512616846017827
0.844640673531518
0.620441606557202
0.155407928002723
0.917961111254041
0.942697958528389
0.438515522255802
0.354030077510527
0.941277658073827
0.504371913850481
0.128939062882652
0.219219349426785
0.636246094776432
0.571060400722111
0.611058746749097
0.109669907535273
0.494167625202875
0.757432569636699
0.501215357101157
0.12322671717183
0.0432669809289589
0.696633907359389
0.654299123517377
0.775976171612728
0.563634195161813
0.645084602127357
0.276456835342784
0.513139315188462
0.581962560108845
0.210689349198104
0.278301836121037
0.278895128182552
0.228153618158844
0.00179967936212182
0.332614418274078
0.224339712981293
0.458546172575348
0.111812139447691
0.0417165546872265
0.882646735237281
0.484051590079466
0.686528483725399
0.76076238079032
0.869598668007925
0.732416994745106
0.71735828216996
0.620025294190285
0.306152499423433
0.77230869036741
0.523720222769175
0.127339039988508
0.0166544378812678
0.361415559128586
0.499183066421739
0.956919989062902
0.815982938658438
0.190341550014141
0.844465434944474
0.59177373284091
0.272876509126684
0.666241123185605
0.925376207067341
0.772067517401682
0.730588308875723
0.226070077729444
0.8500439347001
0.991065731267941
0.63444641541431
0.238445982448033
0.386719033767804
0.651123734959924
0.382355485755184
0.715716014949473
0.618568621863876
0.639175127092365
0.35673849720356
0.935871526569068
0.784700455509452
0.0435591768676225
0.846275912991853
0.0250593079370723
0.970304335919351
0.740830624821051
0.0582423373396706
0.0833503092095956
0.261647398239769
0.917479569053966
0.728970551737105
0.0448796902992202
0.51663147961564
0.033998162967152
0.614080737630874
0.520038406606781
0.768840045560543
0.216405612051676
0.558675383012125
0.914460966323717
0.0301740719145974
