0.643528590278481
0.882373060045006
0.726292550902019
0.985578878775974
0.0677065169754003
0.385589656599606
0.87259648780925
0.744983554233324
0.300938422931795
0.74284693726471
0.860007939329375
0.600181491859342
0.88011141208937
0.405641094504688
0.800906258076851
0.745497819849056
0.247817201189612
0.695936787266255
0.184545582246289
0.713825180062011
0.647237999666127
0.964422679489675
0.932564365646133
0.262095179530836
0.58956672511509
0.721814502832393
0.352720870800652
0.0370429973290502
0.862317079148403
0.94687596938893
0.4021630098122
0.0804997440802398
0.442277530879843
0.905697454654471
0.141171865230972
0.161186116822616
0.119983362089835
0.0394804291610981
0.90259781894395
0.355240968221445
0.18564584953042
0.338366754976272
0.960708975307974
0.174632631789256
0.86896261240773
0.444698198439879
0.63652006752627
0.628357068462464
0.813174479554023
0.774540586757725
0.521022844370931
0.520468824785421
0.374129800765836
0.200635786261706
0.38293607224847
0.679105910788805
0.949808694398873
0.464197371371182
0.396012153660884
0.345892014143007
0.0328687857989542
0.8355534904802
0.882666475084921
0.354062453542865
0.34068392745251
0.779508195249135
0.157903960979499
0.974413957434899
0.264469229273717
0.639720141254235
0.625514457759221
0.208336772028514
0.793338968322305
0.829304614024844
0.528179330531591
0.308871244689855
0.00371370418170174
0.757931733856877
0.393132567123106
0.144868526675212
0.0852944353061237
0.724363802338188
0.223868517775027
0.0877764923906776
0.425853125017999
0.881694185026779
0.706369943314404
0.241641744618137
0.522761382406001
0.462065954442167
0.211377422423743
0.655785990718653
0.643468275500214
0.556705804800943
0.322372182422491
0.35009235905022
0.455700279891351
0.606646521765108
0.833948704336746
0.0894544171585955
