0.28679423746038
0.662106110091371
0.363887839188747
0.173454338299788
0.149026128998504
0.312686072342417
0.727129856463117
0.544825186740991
0.672456455730114
0.0740648275586147
0.675392206607103
0.191876960541996
0.0710648042480763
0.251143626985673
0.260597578836883
0.308504983460766
0.611684972705173
0.794889982694243
0.928209328524866
0.458989742425731
0.0731382519347306
0.916262216361362
0.451652575028898
0.80240327483155
0.428342718830492
0.969728467040569
0.5648684965283
0.236633163521361
0.506932431602353
0.178086971481371
0.853170964798504
0.397067182416593
0.923983029520131
0.303678149964511
0.858074289214832
0.423188325214753
0.360475963149441
0.0504141794752396
0.938750363392173
0.113167052675582
0.154564328563662
0.161544756573413
0.569185288888023
0.448696554847386
0.786673747835063
0.0195004618817477
0.584721186470576
0.392324648514541
0.29610822596406
0.0138671989617251
0.738407386345047
0.660810297197108
0.678437193240243
0.374958961911015
0.0163161652238649
0.370532021099018
0.210453535062472
0.561484564357197
0.745111619469296
0.179297661957935
0.747817575814117
0.490496692941755
0.0378927551386379
0.494369484248743
0.220893862760111
0.27832502419051
0.267893931021864
0.767386654283566
0.393069337770841
0.83740925362213
0.948029020311324
0.561270793229933
0.85613961930207
0.815042275849284
0.304425413862069
0.911593495361318
0.347076927473339
0.00295602018151247
0.0157295269964866
0.408842256948744
0.385007280569993
0.172543848013759
0.940524937557301
0.493065232640628
0.439679585136324
0.192360667601396
0.718629989176351
0.549024067609116
0.287361984740646
0.487542268115814
0.212734790152281
0.798991398792244
0.305302560005944
0.759452701434238
0.365349476861465
0.664067635621907
0.123652001434775
0.0748158046392798
0.227802692087275
0.508348723644553
