0.672343716804098
0.933374921760231
0.871981864735476
0.272834219165535
0.592007103651765
0.446174896995618
0.215910566605586
0.973559154650922
0.0199382901284556
0.945056859378264
0.778506247689252
0.931661640262074
0.62875667103974
0.20059016309706
0.3646634343847
0.333532372179223
0.0322813522220968
0.60318743931278
0.541967085349358
0.840277106892447
0.0222733747317797
0.0435908474231096
0.263900098513765
0.344659318842301
0.817906384737187
0.0667295521435931
0.140219287080792
0.960261456649872
0.594175524820655
0.850588630815311
0.211578646307615
0.402980124299871
0.712840960693006
0.259147235313033
0.757284687718975
0.226412104082486
0.315484292952104
0.960674427431391
0.298599118971545
0.0696343379419457
0.171648637937218
0.270694758403438
0.332122934205515
0.0909656072459023
0.225665939145566
0.800571479276089
0.0381492846823061
0.461179481102703
0.78666391260301
0.0200234339665731
0.454260938546742
0.0147058172219926
0.0218566246432516
0.766624306219921
0.923140112740519
0.628752869380989
0.669474823246465
0.527322545893175
0.454927834428348
0.525277551508172
0.305955609914826
0.255649109955714
0.379383629830267
0.169349659313145
0.733478213070649
0.375526123389381
0.218820679569068
0.369609435726707
0.443305475378086
0.138251330302214
0.0180480792271197
0.071606924790706
0.304588320341235
0.472332747407412
0.668628468955228
0.751578616328341
0.711467913217595
0.172934491267863
0.118993379696735
0.0173349054610985
0.028580267461287
0.679039805978089
0.173597544046863
0.574152090854082
0.396327692268569
0.196872829085622
0.381123499656619
0.946216654473085
0.336007122572515
0.128531818337986
0.55693728083602
0.788161747058929
0.505746593003043
0.773321567463373
0.76367872802712
0.915999527981505
0.891311128573171
0.16277327489237
0.357487394175254
0.850139815756185
