0.17364590204025
0.717684081624115
0.213847064047049
0.595326948722511
0.281946644318265
0.848261950932565
0.47268630958753
0.592641725480855
0.326537625550543
0.868199836867023
0.500544646987945
0.92281234447044
0.119876867681684
0.100165047263803
0.176570178091792
0.702128235112004
0.227937616979674
0.558859655428147
0.765506047180624
0.0642813416497229
0.957880540265646
0.408016168702401
0.313992764015679
0.578697428376739
0.292865949819268
0.483932422699375
0.842375168037776
0.934578406594032
0.835178347227712
0.675165853777512
0.908278319476302
0.830194571442061
0.868835870115476
0.348854623897399
0.59109000702905
0.758116266577559
0.856633639362004
0.257073864460492
0.580656777406417
0.605243813993989
0.988114949310252
0.822450973010832
0.0470485235783497
0.183141870509434
0.862632222875316
0.746892261666661
0.74541366367853
0.635426048485295
0.638481346721985
0.226609900699281
0.195799245124589
0.487986458227032
0.321296652462937
0.385687323001068
0.403966394906848
0.765629733337848
0.403691317608436
0.635149635670311
0.302460998903243
0.79801422161889
0.00588678289478961
0.538107902993498
0.757463378253143
0.651371771773031
0.959921517390721
0.670350075545884
0.053976474354964
0.771022243784285
0.509075040234753
0.418453911514233
0.84549459575
0.970863752519183
0.97820287802173
0.160262233186635
0.076166392339471
0.135429567254814
0.360967645124052
0.130850893506245
0.716065205501423
0.545973688152607
0.738518759020846
0.206949119552481
0.296097059872047
0.608568446528431
0.479366608652923
0.42029186124927
0.508897918979124
0.483148547114408
0.944888228990551
0.825460273691202
0.354424948969122
0.221484003691694
0.954612865557248
0.782642555787527
0.599357031099199
0.450007046316754
0.064987594757689
0.395676751805319
0.223220353118712
0.192282147329432
