0.581750799707021
0.668539848955599
0.0178740057246173
0.648412582300795
0.00197535473945334
0.382654013756036
0.710117496880757
0.549523877235839
0.0979958372646923
0.171561496412177
0.917284956163394
0.496540331978602
0.40832916619644
0.437592928967249
0.496697284046885
0.626915803936737
0.0820515659088509
0.805231538976185
0.773021967044576
0.536605383985026
0.994402623732762
0.272604025095982
0.0336023131541919
0.314773657040099
0.581314049466194
0.229886332168191
0.565860331787663
0.531266752877863
0.708654019380293
0.752628940973724
0.86026748775517
0.548694638325225
0.815447097092609
0.26885356394055
0.435584105754077
0.360040418505687
0.661165800253472
0.525184961746067
0.572176736114629
0.013673678512533
0.486755332204865
0.83159962242078
0.848220817208393
0.164445626160337
0.211246862174592
0.0603969488574178
0.379832580862489
0.0681536640357942
0.276624283416487
0.136762924090383
0.833947962072654
0.0860795895969866
0.389751307847794
0.820882010190227
0.855737192023423
0.309146774611039
0.634937535801408
0.703100348684518
0.0670985328346018
0.772089022571262
0.816793681968373
0.178850744002895
0.840869857855546
0.345366896290969
0.311294008657007
0.368590317838169
0.681093234885993
0.13947560225589
0.0020088232131716
0.136656865541198
0.965750003683264
0.556866604162784
0.233054802861556
0.759348288532043
0.0498500517801615
0.162803001311982
0.42438320788759
0.869156686993854
0.103526794865507
0.520917100608776
0.850053751305702
0.497706667751869
0.254642469461375
0.57189109528991
0.91868097890107
0.774187898158183
0.158943330477431
0.994565086902382
0.413116371917127
0.126437331143039
0.72510288270428
0.958065451568954
0.458086428911465
0.800087713543367
0.19687999654416
0.30790458820197
0.990729764565234
0.502853920917424
0.85315161750333
0.842656544336424
