0.379303713971425
0.240356978606599
0.0661448408226226
0.13996741787529
0.171012920407119
0.27708135790987
0.853024786735431
0.630403019315751
0.771031958410066
0.692934190711442
0.884763566723449
0.765780848807553
0.599573553819011
0.546181432225826
0.92203527126556
0.319087014216505
0.92420827454152
0.268978762565636
0.426685917389899
0.537106110498824
0.209646987360738
0.686528147983611
0.726359230338763
0.875571492070133
0.411553982836918
0.00768455211431
0.0987801752513182
0.432967089318189
0.562468291987883
0.741945463578191
0.172073236746748
0.921529286970165
0.0160050694905245
0.260870250529084
0.141613386637351
0.609696772699103
0.431561826929246
0.114675051586085
0.400878174882791
0.6415996209912
0.921163111422753
0.52854031116168
0.223533128492317
0.720182181205685
0.24167376441959
0.959322033896727
0.358491897749944
0.91190499668564
0.878052442277806
0.877792982327655
0.38369631366045
0.721751001999598
0.0761680035275258
0.316045507004506
0.633009556975686
0.692775565987814
0.513997748267836
0.19057334875249
0.728413435038372
0.163328368292809
0.178301182658552
0.420057697417241
0.0679347273278677
0.0290864948318743
0.520860953964694
0.963234279753284
0.749775779317029
0.338703303289927
0.404568045588475
0.312338498566457
0.887525187287258
0.809533222955434
0.868100587682845
0.785086296398699
0.615942999076072
0.681106676199057
0.462995019491294
0.00617704913307775
0.633897727650543
0.452231948940191
0.649192654364366
0.186875178565679
0.554914647040383
0.684675309660228
0.358249149917741
0.45032223474715
0.845361283442639
0.699959562486019
0.627860693553398
0.448837820649537
0.0956990244312673
0.240988478176756
0.386261616547714
0.237549806589982
0.463298438332648
0.501105414005511
0.460605583833813
0.194446633660442
0.199321227240991
0.278439484666306
