0.637368624395397
0.725870047568283
0.00151811447065236
0.256458035323982
0.299714218964667
0.389616168285541
0.853585490888723
0.879491501431675
0.892281309651342
0.453455880961128
0.986823392560158
0.461251795041026
0.0419886564100108
0.736317802097796
0.0665870933172233
0.568405655943046
0.686841915215758
0.79923728331888
0.624106139235248
0.496399576075561
0.720529549625017
0.833886248913541
0.711204458359259
0.135900033235503
0.481768306103427
0.621796051795499
0.554574789737619
0.880016840007164
0.250133758527289
0.592799514342472
0.0508020110664899
0.317737853302498
0.368447638288349
0.391164279259352
0.381344569093243
0.401558959577959
0.817054765213772
0.984891607419072
0.0529512996100594
0.918772323484892
0.160993809421078
0.858574273930199
0.0120866634007947
0.857867964011556
0.589974860469799
0.835869970655008
0.252731566435067
0.47703093871336
0.413184314692944
0.982737900681206
0.755556343940811
0.375724816869816
0.718309645875501
0.768401873190143
0.273556575306485
0.803482375481856
0.0146655892090246
0.865618081235149
0.774689729220555
0.677918167169168
0.835041378547922
0.973568650881559
0.629357742904386
0.29948179530887
0.402653869894638
0.669085539257659
0.0928041567526777
0.650824377150659
0.354973233004554
0.665028133739265
0.751350890729274
0.701950307796686
0.74628598370882
0.705333815750356
0.335405766654483
0.861955275694819
0.821799585512746
0.853336494347703
0.545925172765704
0.645898335448419
0.369064485360433
0.0775438510242588
0.46683252531422
0.267395857846083
0.83724317040166
0.675077194196674
0.599428207426997
0.600045765098206
0.117607703952867
0.577862193611386
0.386893370368934
0.951436683978623
0.210201878198516
0.375033132440892
0.0837309449369698
0.187425158539519
0.229216531025812
0.712604868091924
0.455214094116918
0.92088932121214
