0.743065813902331
0.601907189284408
0.122057705708806
0.74815618095368
0.231387009951932
0.0536060361441253
0.629438833160996
0.0129758301251455
0.43299610653566
0.411601299611666
0.98168278996911
0.161329094861322
0.319692908469445
0.128791393772136
0.308853681808735
0.757497527523664
0.506736125567339
0.361961885058303
0.46223862490721
0.727576675697964
0.0696573318306624
0.492758391654472
0.533216673197791
0.777111039393168
0.278134763370331
0.799914206750651
0.49174842959817
0.371252851267929
0.621602870813386
0.147980608114964
0.632738744669007
0.109194717420821
0.398122400230785
0.625035851553565
0.902832521546088
0.767157296076025
0.955486145315453
0.71867634436054
0.0360088478941512
0.783637134257535
0.0456383610356778
0.586452377301852
0.167049658562546
0.706006404341201
0.596179403642276
0.225564275507612
0.631743775509178
0.0814104844263804
0.0661794506321566
0.326233417413306
0.68068903297218
0.867254645967509
0.250366243184715
0.727637418418954
0.851231989381477
0.250307422247858
0.0686905160866168
0.344946666315639
0.470021417583349
0.431472803201281
0.561857606545956
0.258185981893067
0.39137295931176
0.285015498420696
0.778862554942659
0.872488072548289
0.763206694630537
0.69465705691588
0.225958872226048
0.541696385732711
0.802011382208211
0.7880597812068
0.325953037164152
0.678601490649675
0.681938314662286
0.483204954528811
0.325708733091927
0.82721026885659
0.180931635750891
0.0525704878627185
0.168170431241472
0.410337945171789
0.305073400635772
0.29536945340008
0.467291575142784
0.765484098701498
0.858828474236107
0.670484981811831
0.773803862172088
0.65252509929823
0.698466779989408
0.610539478999814
0.248654926777191
0.60453604469287
0.221779527711579
0.787452379142611
0.195079417990092
0.882034160141849
0.927143849398542
0.723691331093987
