0.862664472247783
0.976911787864245
0.941347293062763
0.0667903339801311
0.194401695483551
0.810100547415251
0.0361596429888902
0.920667933728857
0.522722963021473
0.933320080364738
0.864288025938109
0.0683629182485691
0.148688849596627
0.756532168368125
0.105069832925252
0.208200703006331
0.681312509198353
0.925239148049261
0.51193542848897
0.105364984881768
0.14723924461158
0.449712804728054
0.898770150681385
0.100639803847596
0.90002034320497
0.490529937432394
0.453463304999035
0.715545275116128
0.192883194979692
0.129244324811382
0.383432167760763
0.531197051765023
0.42885362656268
0.478574417754344
0.65521221917831
0.894046761511847
0.374655907216787
0.302215945582006
0.263660448726109
0.232584921751444
0.476840747742374
0.406496666561112
0.211296647419825
0.503995707027612
0.0135377901669302
0.933995599362066
0.961874084063747
0.0375132216315312
0.608832550984264
0.986450598568865
0.0230293651218663
0.79954065373146
0.956601378487703
0.874188325774944
0.351541691623415
0.412951667519729
0.0781416371828605
0.840707489215167
0.166769990775161
0.703871758051157
0.356637242416217
0.320614367872763
0.727784738749165
0.393478638210091
0.549887912603974
0.333090974173085
0.639509291685889
0.670114431842284
0.101319949189816
0.211023071413405
0.833544795789544
0.379096563616347
0.661578699323153
0.279350506737526
0.628524237139395
0.740742578050468
0.238416157308228
0.394774443653773
0.0871020136806658
0.966024743842904
0.528655853368647
0.415950083367503
0.106712724131864
0.206432596410826
0.106214959689516
0.583891514029303
0.57459567327732
0.554665300787736
0.127032726130929
0.24226055165858
0.815905124328986
0.53394841800162
0.135445954806845
0.559788690674952
0.875947679335227
0.156226379869611
0.678711927811947
0.817818009209734
0.954107794423638
0.680446815993845
