0.115572704987401
0.739749722527223
0.00396597432157303
0.309015013421427
0.473626537934703
0.661817552364346
0.774219824361717
0.821248636963427
0.124569426814359
0.98343585617069
0.901700033294829
0.501157156425136
0.436510476486995
0.295010386172221
0.587802677223367
0.645023539962724
0.439701296593855
0.728380692996262
0.0910670306026316
0.890851873853641
0.101559780119713
0.355112801471312
0.959566154032744
0.606660983807715
0.817368470512968
0.323764834703768
0.0731853689407862
0.886458801518408
0.0216236738588771
0.384898092776955
0.554474944506993
0.99436312494537
0.189201038418897
0.598505068849076
0.270670367996521
0.0051977322461073
0.704234883051475
0.0711683063167931
0.912935558665979
0.398328585270014
0.41482980009859
0.558115699122714
0.861731599486308
0.76377271570441
0.318877005632444
0.713693032373531
0.836358017211947
0.804326490407962
0.85059460897492
0.576414386078908
0.964596576972211
0.44374023910786
0.38250567921554
0.435023455151833
0.14544251381673
0.76045990351609
0.78018356849448
0.397304990513858
0.491646542908459
0.149861703230935
0.58863218342356
0.887761022843309
0.79962496310455
0.739671334037404
0.428960911663697
0.907336908349459
0.311956118006239
0.838005407637919
0.0243400181757007
0.58260494497726
0.940788656911249
0.368532990277062
0.815445134330283
0.692738445332618
0.476022073755051
0.543444080997
0.493381201985004
0.195793438328334
0.287783978175271
0.103675438139436
0.487406817491821
0.268858878532825
0.0358641925434881
0.445209287779969
0.420301515804744
0.110734705399133
0.61185744572983
0.754177583267064
0.453062555032346
0.510210464480431
0.225014163751627
0.306929892537617
0.579521763408334
0.763073855435044
0.809696401846454
0.52706877725528
0.758490736018164
0.122060265448904
0.334811804040713
0.411540097282985
