0.889837386500946
0.433392664619439
0.405493897109057
0.446253082457116
0.474330172163588
0.437326336948819
0.689534436766773
0.705572810352581
0.468044556895292
0.0608010157294576
0.433799538032058
0.721829853356737
0.285799518826324
0.740111516201921
0.334055989670593
0.0913322917611023
0.318954723104348
0.805705737232094
0.243393110224695
0.644097598569513
0.863893544703672
0.790145290917785
0.862246595258939
0.067310691376827
0.450101448898251
0.0583074121076183
0.798786687105329
0.267607980066728
0.762981554848599
0.110309225092786
0.237653742189358
0.240207797959544
0.059382943929817
0.477546676750084
0.372742629783574
0.0858607707013659
0.903456003825858
0.270964140198642
0.993812134952197
0.0926467841922523
0.215136427998141
0.184471007056754
0.984510696485876
0.423902666859283
0.0280965813566449
0.766388401280338
0.116823417188983
0.966100195872644
0.866161378969514
0.970667673726877
0.0908028907565413
0.817791019947171
0.292241870561727
0.323367550654042
0.4498941346304
0.0996920955831614
0.571146069360499
0.33818320573223
0.996151633558865
0.41602276005597
0.63853964984349
0.421926456700045
0.942591255503982
0.357735331802506
0.8231472735401
0.193591740072515
0.66244690942692
0.80825284207624
0.367368886418347
0.248195218969227
0.187876287935244
0.0479905829057054
0.811893602279897
0.150746326032442
0.428961170571372
0.679422537646919
0.805634594431908
0.438343928399656
0.0392141100201821
0.683713047617913
0.941483994918635
0.832686491232685
0.401446601097214
0.792313881121722
0.0195063343362447
0.419862722242187
0.947965927397816
0.736015393275775
0.0276525421196839
0.273050534200412
0.514714701340867
0.565272798093629
0.274812506639777
0.577789374896227
0.454107134348763
0.793209971298096
0.241879751552772
0.626775364683371
0.600755393319184
0.83450484128413
