0.917215537706956
0.96413174875273
0.505518077642432
0.927218291874611
0.659022198365546
0.591149645201466
0.85924294398131
0.307558558093178
0.18079899213314
0.742671383890636
0.0813560467592236
0.079531026575496
0.994859127791067
0.193432135131877
0.565317080619427
0.209591791597005
0.624171516683033
0.413606243866312
0.7362667353527
0.436166803555641
0.327127275675129
0.879012459367054
0.473093885217371
0.828052436852852
0.29775622687198
0.6078854108266
0.226546655980193
0.737015522893991
0.477946319839892
0.929270830903794
0.258024229322571
0.977474215895624
0.499859696021238
0.923623792791564
0.799751209933195
0.472318135421871
0.0919424905869842
0.0245340173246963
0.7340967481649
0.682631704342846
0.521635340303944
0.261071931226678
0.663597044378331
0.0175118623382933
0.776624097384803
0.796113424373843
0.228156359972505
0.664043510641923
0.242499513198854
0.807593777686168
0.282344258056183
0.701758777583837
0.0488613816205698
0.597852230816079
0.0202467222792314
0.0382030783399023
0.491037863535359
0.67746564078958
0.62946206500263
0.051136787538946
0.364602989221273
0.122227421087319
0.829612238253286
0.251528161229346
0.484647154568065
0.1038818308636
0.579671330554258
0.0712353349995033
0.393680925198682
0.0929989451975557
0.117649301010021
0.599637499358336
0.679509495701412
0.0536350310098543
0.914531463251697
0.0660553444484507
0.215415414988722
0.455582022879078
0.051428339468049
0.501642802498137
0.379729050854095
0.56250314533827
0.494516009695137
0.670352542153724
0.646926572847612
0.556265451738734
0.928612834275054
0.902007465205159
0.903377070512333
0.761548131593293
0.981280271886513
0.414476849797404
0.395071952322066
0.682959960625954
0.318028715121573
0.399407919216625
0.431459692973392
0.412068883148985
0.532864707770229
0.672742266521204
