0.0866989544996521
0.172043875405585
0.229706890522366
0.26162526442745
0.0763559989055414
0.535730701189363
0.950847498118341
0.927011396236257
0.208151595298271
0.149723598803265
0.0926874727442337
0.00455092033583248
0.389087638067588
0.532917685123588
0.803888108489983
0.458830076017804
0.640939572658827
0.396471136899884
0.395634097231382
0.986988401965698
0.224885408871288
0.65509591282117
0.478429586849375
0.330405450114238
0.736682200681736
0.842355752290392
0.3380046157809
0.291420279672099
0.654475176080351
0.347147132431691
0.0775413997832413
0.501868670574328
0.599167220573484
0.251530557522332
0.264869002748685
0.184255912054449
0.581097265044738
0.869228353197327
0.97202921704018
0.327290382388649
0.395092910805295
0.96330146629517
0.43196609776093
0.466106641323355
0.309574107317987
0.100392224313874
0.340454586474437
0.366077113601415
0.0454464908900887
0.248229718882698
0.00123254163248117
0.965142893123041
0.18731973515233
0.937263732281171
0.638909352775155
0.431603041678482
0.69361428855621
0.899301440408128
0.524943063745714
0.234000246615149
0.197726085408463
0.659427218446241
0.272536220155906
0.86100446286658
0.0721821990200236
0.590818802169905
0.405383699762348
0.137557080545256
0.268048682374902
0.619632196435534
0.877732810973065
0.7717112194615
0.424441919859705
0.0683437148427329
0.591895491160404
0.261583942576118
0.22312981506024
0.0123229455260201
0.0208313427962509
0.636289976367862
0.501901165815956
0.971927502179485
0.245973788782011
0.406245457197654
0.34591459079921
0.1123985066602
0.314548935421998
0.661903488292314
0.612621204747176
0.833265961070203
0.490641623498239
0.68179582463661
0.344285289451613
0.738028970425031
0.129564296980186
0.735665692359053
0.690765246139264
0.570961634894349
0.393924442303332
0.718755305148082
