0.695008524551526
0.20289750592918
0.0980284312265126
0.425814294454555
0.370496907909632
0.229521322170981
0.540700973263337
0.118976020309597
0.345368241120767
0.377325410199037
0.208473226618242
0.68129134303019
0.878470097611877
0.888653087377852
0.732099080799194
0.225798583228979
0.413453429664231
0.866290762958252
0.51508987206737
0.959783692359824
0.276269866747907
0.743480211470034
0.52493587579808
0.434782721304699
0.128990572937294
0.195936986336455
0.427425930009888
0.686412949434674
0.938779417862547
0.85622979880135
0.570818696436853
0.652168180165891
0.618398503222688
0.302076037648169
0.941281451816336
0.299003659886775
0.873899070952972
0.820159494327456
0.0357485492880217
0.116393268628229
0.571697533396863
0.195572915112401
0.316535247171547
0.235295794548139
0.624792734451961
0.80935028046805
0.803325727024733
0.45563220207376
0.00592988962583704
0.903765713751207
0.322212262694823
0.824474483181012
0.0558717628269791
0.434140749943508
0.442485438400174
0.951528313081492
0.6779616301311
0.663245709921813
0.296823721517261
0.174559921573177
0.802095392161093
0.854288023828663
0.18019660244705
0.489138442319417
0.806506713762184
0.556305046452351
0.0628928398075015
0.576394059963708
0.947371635561516
0.433095420912418
0.351899512276007
0.593293935336775
0.830542213670231
0.398696603439141
0.38808615896296
0.0806969516355064
0.426944964298487
0.289640081249941
0.809989986852738
0.319640292469245
0.392611259311722
0.971793727936127
0.680483059808837
0.0350137041113403
0.534017536106528
0.746344213255841
0.596296417338912
0.18425775327918
0.859590599247995
0.989753138734844
0.621042029755675
0.210653361031159
0.523335772810195
0.861188627714845
0.314297876467136
0.7174095095682
0.0153763126653509
0.82739680485213
0.428789080785955
0.0684876879996097
