0.272408707194221
0.814918558958414
0.755666130108603
0.138999587455299
0.00666517019582222
0.589888938046009
0.0612245234945903
0.676450046560005
0.720336411018081
0.0523162638080848
0.25518989388607
0.645425208679133
0.944764784977196
0.847741431485741
0.519558798763696
0.523190693242099
0.63939544495167
0.0242248913386021
0.889537076880008
0.206132879111046
0.111585112340555
0.897618146565565
0.228834891798363
0.523711116297036
0.947901109674899
0.456943821840428
0.509490692293966
0.191690962385242
0.533033428496231
0.421161203375627
0.598113683330879
0.620305654881664
0.861870443384103
0.344154162492675
0.317760074659139
0.592881201111191
0.170589733016952
0.829203133391777
0.251584820100844
0.524220040777801
0.938910849363967
0.793742636588282
0.222167118090283
0.40852778563673
0.937076951347793
0.828102664476308
0.0420939871306037
0.59559148950297
0.0791814551126126
0.438899236004287
0.723479180933665
0.990844346112965
0.579363841367589
0.83793343176969
0.866594851420538
0.374790560628656
0.586083667160051
0.231955013811567
0.191098477780399
0.549721348355394
0.0803982457520432
0.869533561109348
0.143416618063774
0.299175207642454
0.454202580477205
0.634884239004405
0.78355476529503
0.600610622484521
0.529981356826602
0.926677597652505
0.352600960225147
0.810192311559893
0.772640071237758
0.365317036102208
0.267222029747079
0.317842475752273
0.675451028475282
0.820307106161633
0.586634164949243
0.119798445198591
0.414849834709824
0.913899202790996
0.11250950727263
0.094134192491944
0.697682022441962
0.607269337217915
0.0409418135140752
0.0239370116144125
0.477559311072137
0.942969514030483
0.00679753395113979
0.938634719205384
0.638104655611378
0.70186347174545
0.443821795025757
0.0693772882546193
0.650326018524508
0.922991910447828
0.954325205159525
0.302192712343388
