0.282047493514627
0.538248823740635
0.896266578182702
0.22320237719603
0.917100614829501
0.848956349701135
0.807589126195567
0.455375597558625
0.98423711116623
0.700989264389961
0.352194313123913
0.434433515385926
0.898863408201776
0.596598699035402
0.00292585697161306
0.973421587130717
0.64451410232322
0.803729425093033
0.90563323949726
0.753182487913027
0.888544960361228
0.26461487229197
0.292508931501074
0.244852670116747
0.49969985219636
0.843908974362495
0.544710907407436
0.762447946594305
0.429455306580968
0.327238270699623
0.37875681015605
0.902338901023538
0.802369026375175
0.434266601891381
0.469451875178819
0.608746390607556
0.64384995011792
0.0404162961246522
0.291952308868967
0.569478772845808
0.126703078917555
0.327392809245453
0.932455599742222
0.177306281950933
0.942032332970776
0.764261172508943
0.285377250651539
0.477348031232761
0.0608609291076944
0.767466795522471
0.716400410382264
0.0122819426526697
0.87841523665861
0.18496486506656
0.106763091919368
0.0174326212226565
0.245739892239561
0.651413908065955
0.72350252499967
0.0731916404670065
0.304245442293699
0.0451411796012619
0.025920290977657
0.656998840466607
0.322232454233911
0.449855412100374
0.632064489010752
0.464596806310395
0.127146823856582
0.394179466364057
0.329571637012796
0.604097806198568
0.511777116224066
0.336154466651452
0.626479408995472
0.561152151115775
0.332159272549748
0.115202649550141
0.302820337145971
0.735438679687417
0.558531723710956
0.0673628761746748
0.701587017486611
0.661988511058497
0.61083786031736
0.36647486750338
0.0239236643649282
0.617404161308615
0.327503509972013
0.452019253956163
0.363006498367994
0.992436042051965
0.316913771124982
0.218760668401961
0.265233330552109
0.0815618993162931
0.301472518267796
0.275456759275616
0.855073827717022
0.492176920870401
