0.705249932457344
0.245644213746136
0.142151766522858
0.462970895442632
0.117227709441086
0.477448172623966
0.208158018630072
0.722254201174832
0.0608760235183295
0.0875916877238041
0.127390429902538
0.291126858112927
0.058193362810739
0.181448167274449
0.626771536947587
0.135154346067065
0.1344650630534
0.972373917685996
0.248305837739401
0.101340623153998
0.197762928529532
0.0352461282327986
0.478730184248989
0.69864007956285
0.960717684105373
0.453877411062772
0.719288859385666
0.589507943293782
0.00388265354739626
0.579917296571619
0.654542545627124
0.977606703516844
0.0176670835435703
0.952314106259641
0.874082977824883
0.538204299536629
0.381654052241544
0.427142725059363
0.48317480528875
0.64962393122242
0.986969206010443
0.00501805963228366
0.431348396666045
0.545431552243154
0.577970067773932
0.364424527792458
0.854697728927572
0.165419346264293
0.4457559154582
0.0109846978499483
0.593368197136264
0.393970907849246
0.514519382973443
0.0999936415348172
0.342371672085659
0.670003804224545
0.766914029497148
0.443511686960008
0.50225321133726
0.663350298378314
0.7581593132383
0.61865007533629
0.718371547627436
0.480958726946711
0.43304914209668
0.149783726385694
0.273459774569357
0.105879256551098
0.307365189449566
0.0885672374109585
0.75350029382552
0.707322337994036
0.489199112397246
0.598681906516981
0.114371417143555
0.192744868897248
0.603897731566754
0.933298632005834
0.120670011788919
0.596293156312915
0.5991796821352
0.553869513121373
0.143752027835581
0.992897955697448
0.986549099435354
0.260571637777878
0.463087320543401
0.917673442008753
0.609942434173982
0.204079173600338
0.771290270039481
0.938142365281536
0.924889513722104
0.819824506910436
0.89146461798412
0.368319130674153
0.286646512004848
0.950389669719334
0.112382410146474
0.428186341388238
