0.362060834822273
0.105892316487568
0.944028076689703
0.927192114259672
0.508629867112557
0.429359129829965
0.797702310978296
0.681670055110785
0.809528695330736
0.121976319757279
0.161794733331443
0.328486420832801
0.766691972858595
0.836804782430085
0.407466439719995
0.866784459849254
0.618572682430303
0.428769262241558
0.206658173914374
0.963792413456269
0.801164101251012
0.509595840009673
0.793551911503799
0.899116208729854
0.722844506019188
0.477632865997792
0.909251547376277
0.0165046383703615
0.874209036992029
0.431305883187477
0.933945592927721
0.910390863618995
0.859239465957153
0.770206594732686
0.436642877495216
0.587400807341282
0.0143060325711528
0.661723581916524
0.5339405045537
0.377550642647571
0.524436583521048
0.145736679036979
0.551283885515893
0.622421923383336
0.323910907061729
0.725577710534249
0.275396058464142
0.562592277565315
0.715867349279983
0.806632227174301
0.0399089800379746
0.581553998208397
0.838692584931242
0.532168847756539
0.337010968633467
0.852464994812601
0.312340404983768
0.0449118679598495
0.204347608240483
0.0309970011147656
0.520107582453688
0.781197672607935
0.807461018118756
0.378222812143258
0.188030726829558
0.251403869712448
0.469246954875648
0.996485378125909
0.400161904934869
0.820065632378713
0.852478427278101
0.956849100513779
0.894828757687858
0.829107531266803
0.439355829935221
0.655427422214033
0.95831195449378
0.171129988120464
0.575205301668125
0.997266795484939
0.20223680753365
0.346659269810961
0.300637289090379
0.067576809817728
0.391396903149503
0.352391594719324
0.0716982786877538
0.327070618200614
0.433195626099219
0.584177882682615
0.275060402357513
0.969394164611303
0.457375973676041
0.502943503438934
0.857443060193883
0.743238910913113
0.338275660918223
0.173061073372635
0.434391196553778
0.0725070373492814
