0.256330755658602
0.278910680338233
0.162430372630446
0.89580171690127
0.9541537998962
0.0830598795241955
0.686725240520539
0.00958505366443892
0.092813017821318
0.681583546419434
0.894153040318821
0.141210416863305
0.469706566291725
0.207080812755544
0.828760193581116
0.173448312642727
0.480560383517556
0.739884208301028
0.986825908993755
0.835639132110234
0.179705591024694
0.142176336675033
0.563289752026689
0.815984022252254
0.5450052300212
0.883084262666797
0.499473126837738
0.391885254248923
0.97166447107292
0.696116919022108
0.31715176129581
0.785250881121145
0.736738791566686
0.502698264318843
0.740936039826337
0.923326127195417
0.184228897180515
0.404835572189109
0.113423009921528
0.308337023625307
0.665666354198785
0.0621132250233149
0.234257600379296
0.751612079679785
0.690024842363794
0.133849985494209
0.499687598319579
0.250295160920497
0.674183309857819
0.683994747551156
0.262678527395557
0.598391452617194
0.186235164378879
0.598752064443544
0.892801446324588
0.114154418983569
0.715620928311544
0.346446350378192
0.35079648688007
0.0710695372294027
0.583586752686457
0.294839986271616
0.037920582591519
0.39669609879921
0.364431785123624
0.108902159197676
0.404471625296619
0.967008301972881
0.466144772929207
0.905434066385699
0.989219415462212
0.0757248113284469
0.6264611983795
0.678488885368448
0.169972777911449
0.117592366001379
0.907918736295737
0.811677672346904
0.12595917988846
0.411155244526991
0.383396664347219
0.249177965917242
0.717701944391104
0.287669723521764
0.433438391626551
0.718760308678616
0.599015716742266
0.137986727123143
0.609896817994256
0.626781620842769
0.207705198883873
0.837782546802323
0.0540390853090394
0.0423534726921252
0.72475027093885
0.370826367927169
0.0241926424317959
0.837561501580086
0.387180294556162
0.581122683166118
