0.72937836019759
0.532679296346698
0.78415038799129
0.76874924347212
0.694775332088943
0.18695371606711
0.971930254237694
0.507746279010431
0.428779286532094
0.775209080323209
0.206235682687832
0.90394325596464
0.220487170489732
0.939641242353079
0.687672872882184
0.334408786769215
0.577138041880512
0.750250859069755
0.963257707172659
0.645671476445008
0.50988644245541
0.266484898173476
0.357111483978625
0.839363152086438
0.697728867501826
0.15143686865989
0.0216857260194075
0.584107725687375
0.953738614429598
0.799146409984281
0.093399723569583
0.0703572347156504
0.424497377790742
0.544836496722343
0.681776884329401
0.850717368000521
0.465027577925952
0.948952700918984
0.592894391432821
0.246484675559441
0.746830054440922
0.0912694377318348
0.709207440591048
0.834687737671047
0.420545938154937
0.303761942919233
0.617295376312591
0.114397842955961
0.354680599809941
0.390341484169635
0.793688326046657
0.273941783362041
0.874303794407427
0.741508818111154
0.0712362407107075
0.462893462024114
0.175567812368072
0.944787235904852
0.0710203759702949
0.543338463429054
0.165267990047703
0.387822528550319
0.554007664580833
0.629632876547814
0.681809356753626
0.135878447972181
0.479445878173898
0.675650673767389
0.257864358023677
0.836955504881663
0.869381208843263
0.628185340961528
0.157356467636934
0.716773031613218
0.898841422004086
0.418617004723575
0.557277457582428
0.522423746307578
0.418817213931501
0.393966924582593
0.534141492347299
0.907287883063447
0.229427125877434
0.563397130259963
0.00545808393762358
0.819457940207542
0.196053440308223
0.682988559679589
0.473600256011635
0.218883422305288
0.675149555632448
0.5202403420211
0.877932324948689
0.0495559280037675
0.0812166855117384
0.359007525890603
0.537261773151002
0.0795745640432344
0.152878380917422
0.284667490182755
