0.824316064745335
0.941644702545202
0.856533484932284
0.517725094928278
0.520960275326371
0.165502985085129
0.116585315725107
0.157530762794209
0.842667396107068
0.652619235987132
0.905616004441686
0.653144066060495
0.52597002197335
0.677053451387702
0.00919697108175464
0.257980106984256
0.158395402672885
0.99061053432087
0.62417479261019
0.862351416546084
0.939825007663958
0.796457318494309
0.202050417755754
0.0389809357183897
0.161805949249214
0.349140866822163
0.750253016012839
0.107800539633166
0.63555634610148
0.539833896113482
0.881355231572574
0.477702893539193
0.369545365390156
0.134149723748746
0.569650859837258
0.592496789802097
0.050754398131163
0.711702030949156
0.042436854933592
0.839955098852494
0.702872624482434
0.0385226775140141
0.840321163572521
0.820981020024503
0.313267417863602
0.0220054895719539
0.99427032004775
0.200878873560987
0.0403589569220128
0.823236578527482
0.200612123217719
0.546651238830132
0.455399771433044
0.290526964371338
0.344842482518797
0.0278587462510256
0.739594284789448
0.817552549213894
0.355919145679064
0.171819408504208
0.415249969072291
0.00878477609194106
0.521974416692729
0.302833499993586
0.771264004414558
0.427913110902492
0.283598700670339
0.391820298224604
0.107402591550445
0.416700181279657
0.207225708853093
0.446693371723729
0.948173679387278
0.784219693757696
0.159478792063649
0.901302330149944
0.956136154921789
0.381069397731251
0.725713517854788
0.139800459677261
0.354870546774413
0.549374142451852
0.0674415827111535
0.812319767573997
0.339221772895764
0.334703992742442
0.0223031221061494
0.0790184010188181
0.789307241229949
0.541792113586232
0.852902505012649
0.233201848917269
0.355782885270092
0.870617446429384
0.424705129780204
0.694087848390493
0.516548260821285
0.537487663578935
0.0497170156099447
0.885354306961109
