0.552542663902297
0.00726781599562048
0.708001748057083
0.275208326184753
0.929731999956878
0.385652788163001
0.821694595656216
0.0037232274206929
0.126349598228163
0.517300814631069
0.418481494960599
0.0515309777350775
0.469110999940481
0.723063004539843
0.557119259870201
0.267753775821884
0.439984366502606
0.869487453656964
0.373506807896079
0.953568872974053
0.916549134960654
0.893956127992811
0.891402351153736
0.776348418917669
0.837992661557157
0.80687642041914
0.0467976252766315
0.906461957798555
0.600725656655024
0.535411969076568
0.835680479572937
0.180226378226758
0.456248539712396
0.153325830191991
0.0272416044153467
0.18330008265716
0.194394045134258
0.39145463956122
0.743783596783776
0.195376088933729
0.00761097995918755
0.321882840395851
0.19747385810943
0.18847309899911
0.0878180051631378
0.961070192959658
0.898409866680582
0.403671558203023
0.531667670016954
0.0535315866831372
0.617899515953799
0.508505075009775
0.962635593471413
0.403651931511076
0.518102212584625
0.658586535909486
0.115865464841884
0.931653329139414
0.437215664627597
0.122855579537738
0.33885516288637
0.915232637857661
0.402997570765669
0.590937629151595
0.681620335058132
0.238255116733841
0.595282438022682
0.315785169748489
0.695821400124496
0.373819177213041
0.0733597306876256
0.0485297269413852
0.125703856873188
0.17813071896235
0.945957893014866
0.594666294564803
0.69648226988338
0.702929252154627
0.688530413754531
0.876922468597499
0.908466553738558
0.643126067073609
0.374794287781601
0.547194069971886
0.917512453122769
0.327175404563162
0.217590784755345
0.0525966082013196
0.635223617607366
0.36865506850586
0.067434617815276
0.262740715994845
0.954238974933624
0.620928017246038
0.856520926047359
0.0923783421015266
0.918885269630181
0.606536228957836
0.506852763940977
0.849562888429297
