0.365787754936976
0.582624696932093
0.707850158078526
0.157848492803913
0.980171855995512
0.569369789012414
0.382801218136587
0.784504874509063
0.45769403849621
0.923435918019822
0.962104266026106
0.412936212687258
0.243122915384883
0.560293196030098
0.21438902579918
0.695729095812761
0.54043835007606
0.855803500793783
0.673425176028826
0.35444493049497
0.0206643319784963
0.542685829821362
0.680561552141123
0.327166331618636
0.306384559397765
0.810619014692781
0.0942907520077614
0.50477583962715
0.321609792914991
0.853579550913339
0.675781024934622
0.0899460409255447
0.196076488213649
0.838967525325235
0.511134713660523
0.325841856806465
0.935275908995083
0.216945794977688
0.567022213976375
0.348142664110354
0.944374186426575
0.433085910246282
0.594902569705109
0.711787699587544
0.406550802479755
0.654498405128018
0.019617800609962
0.393945778903526
0.406538991446858
0.160791830234598
0.551939992025467
0.0630817688363985
0.93311105292901
0.152407833446007
0.8288985564508
0.823101925115614
0.902063144790969
0.38068382645989
0.851463933406148
0.169552841302731
0.475079037004653
0.878025378509436
0.462895081594072
0.604114487582871
0.2476548930852
0.872158225100561
0.216859724473609
0.404155390059648
0.0491584823695749
0.888547168992715
0.760453186817678
0.323492555098372
0.288781286817408
0.325282511918471
0.410070744068395
0.587578421732215
0.947783260116253
0.968773852553579
0.920615529138881
0.651886154269747
0.791001214082819
0.700344973104235
0.0982368481802926
0.160817962680393
0.301639558887873
0.612699256098224
0.156834987996535
0.0436686547676421
0.0100689688744345
0.688032788544909
0.423778712015496
0.554592082535192
0.36548186157154
0.397469372673644
0.873063627105702
0.0663488079171389
0.97019082865221
0.990788082122238
0.464132806502344
0.534392577379193
