0.43763868065441
0.615462410550314
0.344787296533951
0.517991822454143
0.40033864341692
0.228447436927095
0.774300482018991
0.607828541010538
0.742337089377612
0.241320134718586
0.875318664999362
0.93328929223739
0.460068297321009
0.199577779136402
0.378551627219911
0.774734063900418
0.779788530329144
0.302077118913679
0.302474928694998
0.634955636986976
0.715323237104026
0.173191069705966
0.394086421185213
0.361125693824666
0.464768456977219
0.205861104282486
0.958010693526832
0.891311914143763
0.45221888481277
0.343721936151256
0.617387593080004
0.956995177994014
0.504641046051235
0.386222951759688
0.214247473615337
0.175538803532505
0.355557676570284
0.580245025726149
0.760479319263473
0.0731921219607778
0.838398774079233
0.549006446985997
0.30133156539003
0.768748834155849
0.812714123545547
0.490489419778106
0.0945237852141838
0.165904082435139
0.0189177454537329
0.0983295632052839
0.286560277587995
0.668113709738531
0.68831315342724
0.829177169515368
0.819069340275167
0.264447610948443
0.221375989365101
0.983661602709285
0.0532233654769246
0.194477539134434
0.270436743400263
0.882988567875227
0.155609656197768
0.398615153226357
0.623932541638581
0.918323487005347
0.428648246186156
0.0738453455613206
0.985330305521065
0.203012823687407
0.419176387330134
0.199543504602995
0.541597799650206
0.22928280673422
0.796556862907744
0.16631679011803
0.871859504315937
0.625337587029365
0.548411570279119
0.974279037199113
0.111337319068302
0.792106611091693
0.872394168690031
0.353889321607486
0.0571616585632608
0.949273883341473
0.268682024566774
0.675463876535866
0.567153611484521
0.949799862666894
0.954162814167404
0.371896073860999
0.527021660249225
0.566001780129039
0.802755378560515
0.955410206204006
0.393396790788228
0.902716412163673
0.144816292517267
0.8943906365402
