0.0618411735919496
0.0206784396528632
0.180573776914074
0.815904921766326
0.67915317587515
0.0870167729850005
0.126515910088325
0.45903034669302
0.0326203066076247
0.652752550157138
0.392588106632507
0.596038402335736
0.435250032430165
0.0789443282778116
0.0831402200661321
0.47833013230857
0.0105943991851967
0.801720334590282
0.341453494663096
0.674658658297108
0.649641462438573
0.75318436965029
0.5066917340768
0.0355304428541709
0.248850009520003
0.0472803134691344
0.67252184435377
0.975596019521167
0.426527428173706
0.841146656703738
0.772919999329802
0.969143092152264
0.480521294512097
0.654020933738919
0.912437863607164
0.0906588794154389
0.611532834177619
0.0564892469237043
0.674736145732336
0.97014488557826
0.822757973253149
0.809651677873755
0.642843569928242
0.914401061327383
0.557211756034387
0.358124411831668
0.936646041430834
0.448077331971413
0.482861560062906
0.324425246251945
0.944815807018809
0.591676456197946
0.561262917500577
0.470157634220159
0.244749174101627
0.30865680394166
0.513986705576063
0.145043334059903
0.567054912246324
0.631872862406016
0.414494928631231
0.150919890567157
0.0325029185193139
0.191473649903887
0.879832550827336
0.423445014480243
0.115517107823639
0.781229098691246
0.166506464670648
0.992481340650693
0.866797298130951
0.954105152261492
0.126984188857947
0.371308609084836
0.851900685043959
0.839989784564818
0.110340799722048
0.592290672749416
0.478318686819784
0.890725597688335
0.110634272038301
0.224444512382357
0.492734459458261
0.102102181921761
0.896330849684929
0.181243543131856
0.407880174651686
0.010363660291938
0.409271759637292
0.603781059665503
0.576672173839375
0.466489500117716
0.489434334677381
0.04286328332632
0.55564995694703
0.671838082685991
0.777148759354441
0.451369920024355
0.0345685105000476
0.133766741554144
