0.0445478991812784
0.441483364646082
0.0656101326763677
0.152503857460108
0.0862982757791403
0.913286869373772
0.218204274875207
0.214046805265381
0.570711402022611
0.548752375668265
0.699339532153373
0.765776560998418
0.645320848862324
0.0713000325818081
0.134871513645571
0.166499042961048
0.757024053836718
0.0492824255718302
0.601493185200492
0.846933243259291
0.59394242549033
0.759617753680617
0.123051311412384
0.587011842796119
0.919880063701365
0.413966241019762
0.172087655948516
0.070776599492308
0.92149524107645
0.19784474149246
0.667516457227765
0.752459118027454
0.865981901002108
0.284441452605855
0.0752505460173127
0.973366470063742
0.848289070114628
0.960005649812522
0.00783591671280373
0.78439515306819
0.389065062342708
0.826895008248694
0.453225609591801
0.928806935403872
0.24362998187711
0.241020972952722
0.29331387034306
0.566804623029569
0.566991958099879
0.27732275206471
0.312353234417901
0.601043592952678
0.321498725247336
0.107391961900234
0.708250286853057
0.284930145500661
0.318432053233698
0.478598289880249
0.232623793758742
0.672332034759378
0.741199213425256
0.147427675382899
0.292551564188931
0.372866660530151
0.8812359184405
0.94688041412592
0.89979465999631
0.360879396256469
0.996049486564495
0.161505043581829
0.31820997284642
0.797018404024196
0.0414465088590265
0.817098032132302
0.457868180916583
0.767047417241636
0.306392144088816
0.194244376008513
0.343381860919009
0.678859090748643
0.120652370676702
0.605283032918946
0.503784641392429
0.644172489011741
0.885491507074559
0.0664728642750871
0.430960392780118
0.758589939101874
0.576191165752798
0.790320400516652
0.654934416830044
0.369690780234379
0.72738185605378
0.335503881953426
0.0431959396429341
0.241637386959809
0.534343444059763
0.0803589490616503
0.0475710169633716
0.29674956775119
