0.290446418007112
0.559412138797069
0.839032878558632
0.0138738569868141
0.788057150686186
0.957299224546784
0.746853535411346
0.335977306280275
0.55046389137882
0.0214449730801606
0.603605082073996
0.378113325861335
0.955859898103336
0.686177733208136
0.379066659779785
0.296831968844324
0.127318884305339
0.217629705191417
0.743271611977029
0.993623484854411
0.136086581338237
0.0899336575949256
0.90081557999403
0.216619042780539
0.611217957274624
0.465937674728193
0.500822290545712
0.484433478901365
0.309167043915562
0.267906183967323
0.260978369163805
0.823661967098556
0.502311797115166
0.978247656476799
0.771656629057441
0.0631233346942455
0.660320070879683
0.402364770137875
0.428583149066466
0.321062133331346
0.410909939282997
0.345889382691071
0.68655117539994
0.976269517082846
0.0872601136040222
0.0316495942099251
0.44533251339818
0.610175745845854
0.297737225563143
0.283091270962307
0.488822040841366
0.783622052885416
0.404665939698306
0.130701289107418
0.0520426398385515
0.200512760412187
0.658596558803039
0.622413835778094
0.40265589971219
0.322119475957993
0.456476934001072
0.262420056509981
0.0268102623647127
0.282557707411497
0.760466603916356
0.779943114975441
0.87580152874617
0.977612241626537
0.914521104150694
0.315943325085539
0.636511897964641
0.724954114167464
0.789046556124951
0.422209478645683
0.582713545571414
0.790197198647166
0.403382482194986
0.924546062911184
0.129358929176516
0.579568363064699
0.0206051613300131
0.890646544699858
0.186696253338222
0.026075772953255
0.779084143125957
0.477356316278389
0.41899602740025
0.371610508007747
0.926205016638248
0.571143868645254
0.404526775891207
0.0379062351015891
0.999708870425685
0.106463673108473
0.864585199330275
0.148489882773017
0.319079120326358
0.403993467988443
0.215802913166491
0.307316998628581
