0.155848065463755
0.467720271771643
0.69565464169516
0.981793900477604
0.646579372997665
0.763867926673902
0.994575496760465
0.982456461052623
0.547987743536005
0.261845441191385
0.797130278217201
0.734050495891855
0.493054906601577
0.823087536647491
0.30151431462798
0.565830389301214
0.0757238031717594
0.00073448941145767
0.50347356428554
0.283110287637967
0.360947087575191
0.504191020738422
0.0514072249882888
0.34337723550544
0.911416549194332
0.598605662863052
0.725245243741779
0.682582883016478
0.557624279315408
0.434223662798397
0.471118078320808
0.999389014206542
0.708743149744693
0.822041930547935
0.423720297600944
0.55288488955837
0.194991903004698
0.204902352860618
0.37949639995559
0.0152162164520548
0.482780819517924
0.436539566347627
0.823622764471743
0.664359575446863
0.774013590428053
0.670476279999351
0.544851328500012
0.176621333778194
0.804949358480493
0.298754810029061
0.0727660796012571
0.318344630914901
0.900519903702903
0.932692625528524
0.94636991105339
0.651657044725333
0.416313046783355
0.35227740618972
0.0703773512832715
0.0479737101346132
0.0386226829321229
0.311992613743987
0.424832181737214
0.113764080737608
0.790727362870577
0.797741264010659
0.0253073461471625
0.671012976053643
0.399367239046547
0.74862942506961
0.370838486296515
0.870821450311142
0.621238089455868
0.488257347833485
0.800329468120043
0.924407521227564
0.68056825626668
0.387047649541426
0.569363645077387
0.240940269194981
0.0537543343630407
0.548623909963585
0.877633524535985
0.258869469286347
0.36145758319714
0.152773447405907
0.0988691105036387
0.776050524216169
0.875672019494545
0.772063252875611
0.136571842775015
0.842714496814979
0.134525001577346
0.331522689820976
0.976593533519932
0.170788205773937
0.0117073846104124
0.709858683734135
0.873632212576285
0.976272326417394
