0.267589569216403
0.0620122133111638
0.775788103591552
0.649523258511686
0.763634786365384
0.291905185343654
0.529039422762133
0.611247474146656
0.627065416251805
0.977650859382772
0.414879284992292
0.574660959455492
0.770171905295072
0.816807565193999
0.640541081615044
0.637010348326066
0.722855897025604
0.465024660557986
0.337274061672983
0.737055611208573
0.315868870967938
0.116355347501279
0.241563360784931
0.567492968667062
0.483348319997708
0.551575041632901
0.0253964667326754
0.1164195878042
0.390566933616328
0.147361851831601
0.0878924820981419
0.356014244889847
0.472284347038848
0.950582064199532
0.0129752014824074
0.671451742142184
0.29388672592765
0.261412605765002
0.0543457893907771
0.641075490806753
0.532074968112668
0.884401292486303
0.0314150108170766
0.417196049083581
0.518128681237869
0.670384839954965
0.289397773467655
0.587576057569858
0.0461847395851206
0.221891868962856
0.0674469424725729
0.409254183717656
0.38141590793683
0.539107908745812
0.842341647875654
0.151234221715123
0.820448852526233
0.20829513492449
0.166174938513979
0.212059744732482
0.266508718610978
0.412619834957933
0.220680540530328
0.479703564420204
0.88975837728463
0.0588650401024451
0.102376612416644
0.81958984109554
0.803832363711592
0.969089339472861
0.343123622398415
0.461443291260602
0.410678871167208
0.69619857086623
0.204980643095905
0.431467578481635
0.0849403366842029
0.82436731170135
0.0493642874291932
0.812963480042742
0.262177268165246
0.437820409162818
0.0702348482190794
0.168675064653473
0.0799149093590281
0.678638298380486
0.974598336953017
0.933176438293036
0.108240416323878
0.861740979767284
0.851002889615951
0.0855915910031607
0.0952376672510233
0.842286044658295
0.374566772195775
0.119455133154735
0.663720751955975
0.551711446396872
0.527437671798951
0.459263641135424
