0.568008227538321
0.469807932372116
0.783743693858266
0.0770954001122598
0.878768246564441
0.606003651211971
0.998575312550448
0.6852173370706
0.334127265649907
0.410874069394019
0.0662938850309206
0.996081540824883
0.158930847495296
0.353211458471236
0.949882476567236
0.82868830944816
0.342384986738854
0.0520054758768554
0.399788655061176
0.211120078904144
0.084266703149428
0.169200174123608
0.711349424771662
0.942091383944308
0.11808644985691
0.257532031395255
0.366205624009578
0.568392826508914
0.321631798670456
0.0855255099411707
0.76774682652566
0.533228890287331
0.296929639902399
0.590100646293769
0.244955252504421
0.792369335793131
0.654076715304552
0.99313944810682
0.289906818089032
0.473911258147057
0.680062985830038
0.289380999882417
0.599049172643129
0.697366346929859
0.795447094736363
0.854921348791067
0.926660743507864
0.742026208779787
0.892403568091059
0.545878462747614
0.777070146415881
0.61171527607912
0.151922791335696
0.316317592894806
0.374996937985996
0.398808053414714
0.758458507600454
0.841652309913958
0.95900895025535
0.621236215169186
0.239798027202393
0.430182486041534
0.363585538400144
0.248601755708736
0.64312724286836
0.53306499474359
0.699151900922485
0.568830201201528
0.108256205966815
0.157513140774105
0.174611594143608
0.349245538632034
0.762098657787823
0.92587739691412
0.531057093074106
0.794885703267011
0.570151001480478
0.013983077841803
0.146644289207945
0.263165101065843
0.33087128788739
0.624179415229791
0.675989258417855
0.775753335922842
0.30845536352529
0.15603155044654
0.381306098951635
0.980612047007592
0.215103708307773
0.846147199089707
0.0339108281926768
0.812424405390594
0.0341304978514698
0.668670602919846
0.234113230944664
0.249880499788504
0.925795461482273
0.350447416934393
0.0542391040614988
0.262382099992774
