0.15039
0.158203
0.322265
0.767578
0.11914
0.501953
0.541015
0.361328
0.58789
0.345703
0.259765
0.455078
0.55664
0.689453
0.478515
0.048828
0.02539
0.533203
0.197265
0.142578
0.99414
0.876953
0.416015
0.736328
0.46289
0.720703
0.134765
0.830078
0.43164
0.064453
0.353515
0.423828
0.90039
0.908203
0.072265
0.517578
0.86914
0.251953
0.291015
0.111328
0.33789
0.095703
0.009765
0.205078
0.30664
0.439453
0.228515
0.798828
0.77539
0.283203
0.947265
0.892578
0.74414
0.626953
0.166015
0.486328
0.21289
0.470703
0.884765
0.580078
0.18164
0.814453
0.103515
0.173828
0.65039
0.658203
0.822265
0.267578
0.61914
0.001953
0.041015
0.861328
0.08789
0.845703
0.759765
0.955078
0.05664
0.189453
0.978515
0.548828
0.52539
0.033203
0.697265
0.642578
0.49414
0.376953
0.916015
0.236328
0.96289
0.220703
0.634765
0.330078
0.93164
0.564453
0.853515
0.923828
0.40039
0.408203
0.572265
0.017578
0.36914
