0.853515
0.923828
0.40039
0.408203
0.572265
0.017578
0.36914
0.751953
0.791015
0.611328
0.83789
0.595703
0.509765
0.705078
0.80664
0.939453
0.728515
0.298828
0.27539
0.783203
0.447265
0.392578
0.24414
0.126953
0.666015
0.986328
0.71289
0.970703
0.384765
0.080078
0.68164
0.314453
0.603515
0.673828
0.15039
0.158203
0.322265
0.767578
0.11914
0.501953
0.541015
0.361328
0.58789
0.345703
0.259765
0.455078
0.55664
0.689453
0.478515
0.048828
0.02539
0.533203
0.197265
0.142578
0.99414
0.876953
0.416015
0.736328
0.46289
0.720703
0.134765
0.830078
0.43164
0.064453
0.353515
0.423828
0.90039
0.908203
0.072265
0.517578
0.86914
0.251953
0.291015
0.111328
0.33789
0.095703
0.009765
0.205078
0.30664
0.439453
0.228515
0.798828
0.77539
0.283203
0.947265
0.892578
0.74414
0.626953
0.166015
0.486328
0.21289
0.470703
0.884765
0.580078
0.18164
0.814453
0.103515
0.173828
0.65039
0.658203
0.822265
