0.111328
0.33789
0.095703
0.009765
0.205078
0.30664
0.439453
0.228515
0.798828
0.77539
0.283203
0.947265
0.892578
0.74414
0.626953
0.166015
0.486328
0.21289
0.470703
0.884765
0.580078
0.18164
0.814453
0.103515
0.173828
0.65039
0.658203
0.822265
0.267578
0.61914
0.001953
0.041015
0.861328
0.08789
0.845703
0.759765
0.955078
0.05664
0.189453
0.978515
0.548828
0.52539
0.033203
0.697265
0.642578
0.49414
0.376953
0.916015
0.236328
0.96289
0.220703
0.634765
0.330078
0.93164
0.564453
0.853515
0.923828
0.40039
0.408203
0.572265
0.017578
0.36914
0.751953
0.791015
0.611328
0.83789
0.595703
0.509765
0.705078
0.80664
0.939453
0.728515
0.298828
0.27539
0.783203
0.447265
0.392578
0.24414
0.126953
0.666015
0.986328
0.71289
0.970703
0.384765
0.080078
0.68164
0.314453
0.603515
0.673828
0.15039
0.158203
0.322265
0.767578
0.11914
0.501953
0.541015
0.361328
0.58789
0.345703
0.259765
0.455078
