0.798828125
0.775390625
0.283203125
0.947265625
0.892578125
0.744140625
0.626953125
0.166015625
0.486328125
0.212890625
0.470703125
0.884765625
0.580078125
0.181640625
0.814453125
0.103515625
0.173828125
0.650390625
0.658203125
0.822265625
0.267578125
0.619140625
0.001953125
0.041015625
0.861328125
0.087890625
0.845703125
0.759765625
0.955078125
0.056640625
0.189453125
0.978515625
0.548828125
0.525390625
0.033203125
0.697265625
0.642578125
0.494140625
0.376953125
0.916015625
0.236328125
0.962890625
0.220703125
0.634765625
0.330078125
0.931640625
0.564453125
0.853515625
0.923828125
0.400390625
0.408203125
0.572265625
0.017578125
0.369140625
0.751953125
0.791015625
0.611328125
0.837890625
0.595703125
0.509765625
0.705078125
0.806640625
0.939453125
0.728515625
0.298828125
0.275390625
0.783203125
0.447265625
0.392578125
0.244140625
0.126953125
0.666015625
0.986328125
0.712890625
0.970703125
0.384765625
0.080078125
0.681640625
0.314453125
0.603515625
0.673828125
0.150390625
0.158203125
0.322265625
0.767578125
0.119140625
0.501953125
0.541015625
0.361328125
0.587890625
0.345703125
0.259765625
0.455078125
0.556640625
0.689453125
0.478515625
0.048828125
0.025390625
0.533203125
0.197265625
0.142578125
