0.630859375
0.248046875
0.208984375
0.388671875
0.162109375
0.404296875
0.490234375
0.294921875
0.193359375
0.060546875
0.271484375
0.701171875
0.724609375
0.216796875
0.552734375
0.607421875
0.755859375
0.873046875
0.333984375
0.013671875
0.287109375
0.029296875
0.615234375
0.919921875
0.318359375
0.685546875
0.396484375
0.326171875
0.849609375
0.841796875
0.677734375
0.232421875
0.880859375
0.498046875
0.458984375
0.638671875
0.412109375
0.654296875
0.740234375
0.544921875
0.443359375
0.310546875
0.521484375
0.951171875
0.974609375
0.466796875
0.802734375
0.857421875
0.005859375
0.123046875
0.583984375
0.263671875
0.537109375
0.279296875
0.865234375
0.169921875
0.568359375
0.935546875
0.646484375
0.576171875
0.099609375
0.091796875
0.927734375
0.482421875
0.130859375
0.748046875
0.708984375
0.888671875
0.662109375
0.904296875
0.990234375
0.794921875
0.693359375
0.560546875
0.771484375
0.201171875
0.224609375
0.716796875
0.052734375
0.107421875
0.255859375
0.373046875
0.833984375
0.513671875
0.787109375
0.529296875
0.115234375
0.419921875
0.818359375
0.185546875
0.896484375
0.826171875
0.349609375
0.341796875
0.177734375
0.732421875
0.380859375
0.998046875
0.958984375
0.138671875
0.912109375
