0.466796
0.802734
0.857421
0.005859
0.123046
0.583984
0.263671
0.537109
0.279296
0.865234
0.169921
0.568359
0.935546
0.646484
0.576171
0.099609
0.091796
0.927734
0.482421
0.130859
0.748046
0.708984
0.888671
0.662109
0.904296
0.990234
0.794921
0.693359
0.560546
0.771484
0.201171
0.224609
0.716796
0.052734
0.107421
0.255859
0.373046
0.833984
0.513671
0.787109
0.529296
0.115234
0.419921
0.818359
0.185546
0.896484
0.826171
0.349609
0.341796
0.177734
0.732421
0.380859
0.998046
0.958984
0.138671
0.912109
0.154296
0.240234
0.044921
0.943359
0.810546
0.021484
0.451171
0.474609
0.966796
0.302734
0.357421
0.505859
0.623046
0.083984
0.763671
0.037109
0.779296
0.365234
0.669921
0.068359
0.435546
0.146484
0.076171
0.599609
0.591796
0.427734
0.982421
0.630859
0.248046
0.208984
0.388671
0.162109
0.404296
0.490234
0.294921
0.193359
0.060546
0.271484
0.701171
0.724609
0.216796
0.552734
0.607421
0.755859
0.873046
