0.724609
0.216796
0.552734
0.607421
0.755859
0.873046
0.333984
0.013671
0.287109
0.029296
0.615234
0.919921
0.318359
0.685546
0.396484
0.326171
0.849609
0.841796
0.677734
0.232421
0.880859
0.498046
0.458984
0.638671
0.412109
0.654296
0.740234
0.544921
0.443359
0.310546
0.521484
0.951171
0.974609
0.466796
0.802734
0.857421
0.005859
0.123046
0.583984
0.263671
0.537109
0.279296
0.865234
0.169921
0.568359
0.935546
0.646484
0.576171
0.099609
0.091796
0.927734
0.482421
0.130859
0.748046
0.708984
0.888671
0.662109
0.904296
0.990234
0.794921
0.693359
0.560546
0.771484
0.201171
0.224609
0.716796
0.052734
0.107421
0.255859
0.373046
0.833984
0.513671
0.787109
0.529296
0.115234
0.419921
0.818359
0.185546
0.896484
0.826171
0.349609
0.341796
0.177734
0.732421
0.380859
0.998046
0.958984
0.138671
0.912109
0.154296
0.240234
0.044921
0.943359
0.810546
0.021484
0.451171
0.474609
0.966796
0.302734
0.357421
0.505859
