0.777520
0.808374
0.988983
0.580401
0.048433
0.491104
0.401471
0.118992
0.629658
0.580218
0.364452
0.353343
0.113285
0.899289
0.107089
0.996887
0.656423
0.585101
0.895077
0.723655
0.323283
0.685659
0.362316
0.798334
0.320322
0.080050
0.875912
0.606586
0.530106
0.502152
0.590289
0.117161
0.249977
0.948790
0.347362
0.806818
0.542589
0.254219
0.078524
0.079165
0.103427
0.111698
0.864681
0.709525
0.052583
0.323527
0.310984
0.345744
0.556413
0.561113
0.392224
0.597186
0.685568
0.415601
0.425031
0.743034
0.415632
0.021332
0.323374
0.590655
0.176550
0.032411
0.793542
0.515824
0.857112
0.234046
0.624744
0.215705
0.670827
0.570208
0.731834
0.206244
0.789361
0.868160
0.105899
0.594501
0.149693
0.041902
0.329814
0.157964
0.341685
0.055116
0.813898
0.261757
0.981414
0.425062
0.408948
0.644856
0.477584
0.549089
0.552568
0.606555
0.596698
0.634297
0.604327
0.624989
0.732933
0.512070
0.527390
0.938292
