0.289804
0.118931
0.571581
0.119633
0.079196
0.924070
0.114841
0.178350
0.144139
0.085879
0.319102
0.216987
0.911893
0.618183
0.756920
0.176611
0.083041
0.347118
0.664937
0.701254
0.163640
0.940855
0.980712
0.652547
0.045625
0.792322
0.818812
0.306314
0.542711
0.036988
0.542863
0.761803
0.287515
0.486618
0.089267
0.594989
0.896115
0.760155
0.699301
0.287606
0.806665
0.393231
0.715629
0.462569
0.697897
0.207556
0.599536
0.457228
0.894101
0.721061
0.825007
0.265999
0.662526
0.880490
0.806269
0.383190
0.809748
0.897427
0.514389
0.577624
0.483016
0.469222
0.939970
0.129887
0.583117
0.165685
0.057588
0.564165
0.694449
0.263314
0.448408
0.404889
0.939268
0.807886
0.237403
0.990600
0.661946
0.186743
0.501114
0.875301
0.349345
0.992431
0.802545
0.849117
0.694174
0.458052
0.008972
0.109287
0.206610
0.246712
0.049654
0.612934
0.281625
0.875393
0.768761
0.142430
0.127049
0.554826
0.530473
0.115268
