0.077883
0.040956
0.112705
0.076510
0.961821
0.534013
0.959136
0.281533
0.952116
0.233528
0.390301
0.775689
0.975799
0.036805
0.179785
0.342357
0.870602
0.366588
0.751244
0.135014
0.403241
0.741600
0.592029
0.061068
0.242714
0.481582
0.262764
0.378643
0.294809
0.328715
0.658620
0.537553
0.304209
0.265969
0.678823
0.795618
0.130772
0.314127
0.960692
0.641682
0.605304
0.588549
0.834407
0.556475
0.372143
0.396954
0.154607
0.142552
0.624104
0.659536
0.165349
0.154698
0.136204
0.432295
0.054231
0.462081
0.504807
0.815699
0.352672
0.473037
0.997528
0.028657
0.837672
0.054140
0.921140
0.930570
0.092135
0.474837
0.913419
0.770928
0.379467
0.408338
0.064425
0.449629
0.988891
0.520676
0.275033
0.067629
0.707663
0.678884
0.757073
0.050325
0.576769
0.309488
0.083041
0.624012
0.585681
0.938688
0.690603
0.927427
0.463118
0.445235
0.248329
0.539293
0.219550
0.057985
0.789239
0.702963
0.598102
0.628163
