0.017884
0.029633
0.089755
0.208655
0.697928
0.961547
0.669362
0.471206
0.525498
0.775689
0.908444
0.992615
0.395734
0.410413
0.621448
0.941404
0.467605
0.895108
0.701224
0.196081
0.934172
0.664754
0.300394
0.426405
0.904019
0.540483
0.014435
0.168462
0.300333
0.657613
0.223304
0.425733
0.183782
0.121769
0.247108
0.826106
0.405377
0.675283
0.472823
0.867306
0.995880
0.154057
0.107822
0.281228
0.197546
0.017304
0.716636
0.048738
0.545000
0.730216
0.197028
0.095981
0.900754
0.281747
0.352062
0.203833
0.852473
0.618427
0.713858
0.161199
0.377575
0.275216
0.775628
0.693991
0.181799
0.985107
0.288217
0.200385
0.617725
0.548173
0.777398
0.824488
0.589709
0.742180
0.937895
0.898556
0.351268
0.554918
0.060793
0.286050
0.601642
0.520188
0.150456
0.656178
0.786920
0.438887
0.886929
0.221168
0.012848
0.265572
0.090396
0.968108
0.475265
0.442793
0.844111
0.915555
0.813990
0.463515
0.931150
0.427442
