0.297159
0.943724
0.742546
0.114444
0.241798
0.985565
0.311960
0.354534
0.576861
0.113224
0.633717
0.964141
0.955168
0.562181
0.920194
0.050661
0.320444
0.202765
0.955016
0.578265
0.335673
0.880612
0.198126
0.677267
0.579028
0.453505
0.799188
0.229377
0.913541
0.307352
0.175146
0.759514
0.937040
0.631672
0.308908
0.165166
0.918241
0.235939
0.424635
0.315439
0.125492
0.188665
0.196326
0.049959
0.954405
0.059481
0.146092
0.609851
0.760369
0.046297
0.387646
0.031190
0.802606
0.768426
0.372204
0.533067
0.205664
0.006806
0.792444
0.430616
0.344981
0.173101
0.300729
0.604968
0.562059
0.788079
0.198431
0.060884
0.616321
0.751488
0.751701
0.603809
0.779717
0.683828
0.290933
0.166936
0.979522
0.121799
0.749321
0.820276
0.896939
0.848689
0.797357
0.992340
0.426527
0.140233
0.229072
0.936186
0.403333
0.208472
0.756737
0.970702
0.004089
0.623463
0.869716
0.528550
0.728080
0.995239
0.914274
0.542100
