0.364635
0.696432
0.050264
0.198370
0.853175
0.907468
0.240944
0.594531
0.441877
0.765007
0.932279
0.324747
0.051729
0.895260
0.577929
0.530290
0.251656
0.113468
0.666433
0.443464
0.751366
0.570391
0.406140
0.957274
0.817866
0.127445
0.725028
0.251167
0.522324
0.241646
0.740867
0.005493
0.222968
0.141362
0.358684
0.234169
0.190863
0.574725
0.151158
0.268563
0.784112
0.911130
0.178564
0.922391
0.077486
0.877682
0.904477
0.369884
0.353465
0.711814
0.863277
0.768090
0.360302
0.010834
0.236091
0.154210
0.744530
0.060305
0.991028
0.650105
0.563158
0.922086
0.743889
0.504074
0.282418
0.063082
0.996521
0.002441
0.169012
0.806970
0.907529
0.781060
0.480056
0.388592
0.253090
0.568438
0.358318
0.893887
0.733207
0.892270
0.838649
0.865169
0.279763
0.779412
0.872066
0.854244
0.523179
0.981811
0.773583
0.703574
0.073153
0.758721
0.000214
0.837581
0.770257
0.747063
0.665304
0.344646
0.564562
0.950743
