0.695120
0.131687
0.177282
0.380261
0.034883
0.932035
0.202033
0.374523
0.809412
0.447981
0.801752
0.134709
0.845088
0.409742
0.657399
0.503037
0.459670
0.831324
0.325266
0.516343
0.925810
0.244911
0.658223
0.766747
0.514512
0.195379
0.448164
0.099948
0.525132
0.775353
0.944945
0.682730
0.207862
0.482833
0.408918
0.970824
0.985015
0.182287
0.352763
0.608478
0.877377
0.450392
0.628834
0.790948
0.542009
0.087954
0.018830
0.120884
0.827540
0.079012
0.481429
0.490555
0.253182
0.778375
0.714255
0.020112
0.318064
0.609058
0.186987
0.584460
0.046724
0.050752
0.300943
0.958495
0.677236
0.200446
0.832209
0.113407
0.897977
0.686514
0.313913
0.694357
0.539933
0.217780
0.514573
0.210700
0.129826
0.548540
0.668081
0.971129
0.211188
0.140568
0.612049
0.293344
0.838984
0.304178
0.490493
0.021058
0.154363
0.098361
0.177435
0.878536
0.446242
0.772698
0.077181
0.694266
0.604419
0.030824
0.458083
0.025178
