0.372692
0.898038
0.975402
0.212470
0.306131
0.473037
0.540239
0.400189
0.840297
0.346355
0.190313
0.548082
0.377544
0.965484
0.118717
0.969878
0.797662
0.728843
0.517472
0.427992
0.298074
0.089328
0.391430
0.316446
0.970885
0.449202
0.999542
0.962584
0.021943
0.126621
0.078799
0.579363
0.039277
0.176458
0.508316
0.899411
0.216285
0.345286
0.568377
0.021668
0.936308
0.942625
0.451979
0.502426
0.624683
0.909391
0.184362
0.221564
0.275002
0.865078
0.606952
0.055635
0.555101
0.414258
0.582171
0.888668
0.899258
0.494583
0.074953
0.992157
0.493484
0.046632
0.267830
0.305490
0.559160
0.787744
0.365093
0.647969
0.841945
0.369976
0.242775
0.393780
0.712027
0.704733
0.600787
0.641011
0.781915
0.734306
0.773034
0.406079
0.448042
0.431867
0.851955
0.874935
0.262551
0.311594
0.284005
0.241920
0.541185
0.229377
0.591876
0.168035
0.114048
0.756005
0.379955
0.389355
0.624928
0.903928
0.279366
0.507279
