0.285806
0.488723
0.988525
0.491409
0.492904
0.906430
0.065706
0.927030
0.209815
0.608386
0.630085
0.537339
0.524979
0.054506
0.626728
0.013031
0.288858
0.426191
0.812677
0.679189
0.237739
0.880428
0.119846
0.031465
0.509842
0.625996
0.551134
0.673055
0.960448
0.603412
0.266030
0.682577
0.181982
0.049409
0.011841
0.945647
0.635670
0.727592
0.556932
0.479781
0.800317
0.106143
0.282174
0.285501
0.745354
0.264473
0.586840
0.753471
0.033692
0.809076
0.265084
0.159673
0.361217
0.580767
0.509690
0.279977
0.838313
0.434217
0.698599
0.654805
0.320811
0.870815
0.621235
0.535508
0.695730
0.806238
0.300363
0.043764
0.528245
0.254402
0.065920
0.574969
0.976470
0.208319
0.037141
0.977020
0.379864
0.499496
0.668996
0.535844
0.427992
0.917447
0.519425
0.298868
0.315165
0.369701
0.893521
0.767327
0.788202
0.364513
0.520859
0.489181
0.492477
0.596973
0.922391
0.583880
0.523576
0.919584
0.622852
0.729484
