0.589801
0.479354
0.865383
0.644429
0.692587
0.301798
0.984100
0.594470
0.730583
0.103580
0.091220
0.956206
0.933866
0.614887
0.235054
0.368542
0.534440
0.192785
0.684591
0.503464
0.579485
0.006989
0.497604
0.986999
0.293039
0.579028
0.028047
0.501724
0.893338
0.956084
0.529344
0.602588
0.270791
0.301065
0.509262
0.276345
0.434309
0.179846
0.993408
0.776879
0.130711
0.326975
0.352855
0.766656
0.544725
0.171148
0.852748
0.296609
0.485092
0.901852
0.577563
0.654744
0.963378
0.357982
0.889859
0.615253
0.571368
0.520371
0.078188
0.119388
0.563982
0.888638
0.351146
0.919187
0.052919
0.524491
0.832789
0.215064
0.218482
0.041902
0.716666
0.819330
0.944792
0.326182
0.234321
0.875698
0.785241
0.262307
0.594348
0.667348
0.664418
0.254921
0.548235
0.543596
0.222297
0.820093
0.739830
0.497238
0.207587
0.030580
0.493973
0.423475
0.825831
0.096408
0.200842
0.591662
0.449110
0.860836
0.952361
0.361248
