0.593188
0.493728
0.586749
0.673269
0.568499
0.163884
0.797479
0.348003
0.711325
0.970611
0.463057
0.721213
0.601001
0.916379
0.853694
0.648823
0.170080
0.202063
0.871059
0.412549
0.113102
0.625568
0.977752
0.556780
0.500443
0.364818
0.972198
0.188574
0.003510
0.927458
0.265725
0.771783
0.637745
0.547227
0.817774
0.946379
0.428938
0.809168
0.385235
0.404553
0.910123
0.784539
0.243294
0.354930
0.854640
0.456648
0.032197
0.605426
0.151585
0.719108
0.888211
0.796930
0.230476
0.727439
0.513108
0.818384
0.940550
0.885525
0.340251
0.934843
0.291635
0.248115
0.451857
0.659780
0.962798
0.620624
0.405042
0.902524
0.984283
0.137181
0.621967
0.422498
0.500046
0.598926
0.500748
0.121464
0.016388
0.352641
0.903470
0.204657
0.043123
0.992523
0.177313
0.742424
0.533677
0.664541
0.365032
0.663564
0.030213
0.256325
0.761315
0.711509
0.920164
0.252693
0.470931
0.394635
0.710166
0.538377
0.125278
0.461928
