0.724082
0.929533
0.413129
0.935362
0.130772
0.714743
0.582324
0.230110
0.708609
0.987396
0.568224
0.394024
0.252113
0.049806
0.905606
0.997345
0.027741
0.671499
0.079623
0.703940
0.184698
0.481491
0.472945
0.055940
0.526963
0.277413
0.564409
0.501968
0.552934
0.531236
0.536271
0.200964
0.169012
0.873867
0.945524
0.632740
0.983215
0.839351
0.616199
0.546281
0.584826
0.650197
0.408582
0.277322
0.717277
0.324931
0.021546
0.966186
0.749138
0.889187
0.484268
0.707327
0.350597
0.971374
0.493912
0.161779
0.781304
0.564684
0.254982
0.663717
0.695486
0.236122
0.977142
0.352336
0.871212
0.564196
0.687094
0.360637
0.769494
0.086154
0.511795
0.591723
0.329875
0.536576
0.087893
0.114505
0.908597
0.657949
0.254891
0.709799
0.765404
0.364727
0.687643
0.597797
0.005615
0.542619
0.624317
0.878842
0.383557
0.263192
0.346629
0.717948
0.873379
0.696310
0.568224
0.804956
0.413800
0.500809
0.387188
0.121220
