0.459761
0.726859
0.732536
0.669088
0.375195
0.080111
0.883694
0.053285
0.297342
0.325602
0.402387
0.858852
0.414899
0.513047
0.792108
0.116855
0.509873
0.169897
0.349864
0.797906
0.585223
0.043519
0.064547
0.742607
0.197546
0.728385
0.860500
0.555528
0.901028
0.958953
0.843165
0.492782
0.708914
0.850185
0.703269
0.875393
0.978973
0.866482
0.935026
0.059084
0.628864
0.800073
0.025239
0.492050
0.088015
0.540971
0.269509
0.891751
0.892026
0.918638
0.371166
0.072237
0.325602
0.397534
0.480239
0.453200
0.021058
0.907407
0.827754
0.781487
0.917966
0.589251
0.612079
0.097232
0.490005
0.739036
0.293435
0.475204
0.646290
0.729606
0.953124
0.572710
0.212287
0.192450
0.872890
0.515427
0.397320
0.240486
0.991852
0.152501
0.154363
0.013062
0.396313
0.211951
0.839167
0.324595
0.499069
0.387555
0.073763
0.697806
0.064333
0.888943
0.222053
0.563128
0.734947
0.485580
0.382397
0.905362
0.217231
0.576220
