0.733024
0.975066
0.959807
0.544420
0.659810
0.748436
0.550707
0.321879
0.827296
0.295114
0.116642
0.945189
0.175451
0.051485
0.079592
0.455672
0.158818
0.418134
0.445418
0.713218
0.065462
0.427839
0.924589
0.659047
0.353465
0.361156
0.211158
0.103916
0.411328
0.090152
0.076296
0.073000
0.648488
0.431989
0.432142
0.238563
0.321940
0.293710
0.022828
0.471938
0.005799
0.889126
0.899045
0.045625
0.109409
0.809137
0.331309
0.517502
0.350505
0.227058
0.319773
0.827296
0.589984
0.019837
0.355205
0.637715
0.933897
0.086489
0.588855
0.450758
0.509598
0.645009
0.066195
0.530625
0.821772
0.789270
0.181951
0.164708
0.094821
0.086795
0.011383
0.293405
0.507920
0.498733
0.675527
0.040712
0.728690
0.403455
0.395154
0.176122
0.652211
0.004822
0.391156
0.039644
0.751244
0.906674
0.286264
0.960814
0.943937
0.134190
0.165319
0.703055
0.385510
0.384320
0.949919
0.965087
0.090030
0.785424
0.243690
0.469527
