0.788324
0.948241
0.304727
0.671346
0.928556
0.589099
0.300851
0.616230
0.225837
0.506607
0.504807
0.980682
0.666677
0.193060
0.584674
0.825190
0.374676
0.861934
0.646748
0.091403
0.244179
0.172521
0.185980
0.374737
0.747398
0.433393
0.601703
0.003479
0.821741
0.565203
0.433058
0.956023
0.243416
0.604785
0.972381
0.647023
0.393933
0.031495
0.411023
0.114139
0.824824
0.696951
0.175085
0.636341
0.527970
0.639668
0.606586
0.314920
0.317057
0.565569
0.646779
0.648976
0.226569
0.275918
0.677480
0.636006
0.334727
0.823695
0.177038
0.429334
0.916471
0.679647
0.346904
0.083377
0.332499
0.689566
0.365184
0.417890
0.561571
0.103549
0.423261
0.532823
0.780725
0.459120
0.202185
0.004791
0.901364
0.598773
0.944487
0.296274
0.466231
0.603778
0.777886
0.409101
0.814112
0.925108
0.447615
0.313242
0.918302
0.492935
0.112735
0.182348
0.805139
0.086032
0.363475
0.967132
0.959136
0.741844
0.115207
0.337748
