0.620136
0.489090
0.536058
0.526811
0.379894
0.183966
0.663503
0.103854
0.983398
0.730827
0.867092
0.212836
0.741478
0.468978
0.812708
0.303690
0.461196
0.006989
0.085482
0.889126
0.300027
0.285165
0.126804
0.358440
0.449934
0.147893
0.642170
0.378979
0.058046
0.207160
0.135838
0.916593
0.289590
0.278207
0.729148
0.406842
0.940031
0.168615
0.917692
0.107547
0.501846
0.102420
0.424482
0.164464
0.093112
0.559893
0.805261
0.420850
0.153386
0.814905
0.961547
0.502579
0.313211
0.950621
0.218543
0.209845
0.344279
0.634999
0.123600
0.746910
0.595386
0.437391
0.621601
0.820704
0.821223
0.967254
0.763543
0.139958
0.809931
0.616474
0.604572
0.346233
0.715751
0.186529
0.447981
0.907285
0.502976
0.181433
0.090701
0.005005
0.407544
0.048219
0.227302
0.948759
0.822382
0.145726
0.668416
0.144963
0.512833
0.723380
0.529801
0.155126
0.568468
0.690542
0.048341
0.872555
0.997467
0.458754
0.181402
0.349528
