0.369762
0.637104
0.645375
0.306467
0.415357
0.862239
0.550127
0.853603
0.983917
0.544755
0.285501
0.456771
0.271767
0.812677
0.815699
0.679067
0.723258
0.433332
0.038209
0.728538
0.511429
0.995270
0.363872
0.344157
0.005768
0.130894
0.173162
0.050905
0.131993
0.061617
0.306284
0.315012
0.030885
0.246376
0.242409
0.631092
0.922300
0.414960
0.124729
0.071993
0.580096
0.767327
0.287393
0.333018
0.325388
0.620228
0.440779
0.801172
0.942839
0.282357
0.170965
0.681448
0.427320
0.439253
0.910276
0.710715
0.967254
0.829066
0.034364
0.490829
0.069857
0.490921
0.242927
0.972259
0.235969
0.366466
0.879421
0.119144
0.089206
0.536393
0.346812
0.287393
0.367016
0.872799
0.275307
0.346873
0.679067
0.389080
0.597949
0.079012
0.439375
0.068056
0.190893
0.880978
0.878872
0.450056
0.234626
0.307718
0.543840
0.761834
0.951567
0.483535
0.187262
0.867977
0.877285
0.913266
0.458876
0.825709
0.321207
0.725974
