0.300272
0.324351
0.172704
0.880886
0.451369
0.791131
0.709464
0.367779
0.974548
0.443739
0.563799
0.932768
0.202368
0.071963
0.503586
0.360485
0.015687
0.828761
0.183905
0.844508
0.857906
0.812250
0.525529
0.476516
0.391644
0.720389
0.876614
0.386334
0.204688
0.358684
0.613941
0.563128
0.470656
0.283059
0.339915
0.889798
0.971068
0.358470
0.331278
0.421339
0.384960
0.514878
0.396191
0.438826
0.252602
0.481796
0.795770
0.309732
0.518815
0.782586
0.386273
0.686453
0.062990
0.769646
0.638386
0.073550
0.121708
0.981994
0.689352
0.296030
0.009827
0.606342
0.085025
0.898465
0.046968
0.322916
0.367290
0.007691
0.095279
0.317270
0.163488
0.689413
0.614704
0.739464
0.934263
0.329844
0.642048
0.391522
0.035432
0.074648
0.600269
0.925108
0.251137
0.855342
0.343974
0.329539
0.453444
0.034700
0.347484
0.992859
0.545305
0.203101
0.441908
0.115726
0.343120
0.156011
0.006958
0.760521
0.554857
0.584552
