0.024476
0.316202
0.510056
0.510147
0.899350
0.660695
0.798334
0.994751
0.453963
0.801447
0.471877
0.157445
0.003510
0.276009
0.969207
0.029115
0.916868
0.093753
0.415296
0.276162
0.570177
0.499344
0.455428
0.324625
0.099796
0.340251
0.278085
0.916166
0.859676
0.318796
0.983917
0.626362
0.990387
0.910245
0.956206
0.377941
0.005676
0.228065
0.390027
0.478713
0.802881
0.617969
0.635639
0.216529
0.003235
0.261422
0.512375
0.542039
0.028932
0.570360
0.249763
0.870449
0.822230
0.654042
0.211951
0.533891
0.613636
0.639515
0.061068
0.915403
0.645375
0.126896
0.516953
0.795526
0.255867
0.560503
0.368297
0.943419
0.231849
0.797296
0.892270
0.483169
0.834498
0.653951
0.338450
0.066652
0.405347
0.713614
0.633808
0.384594
0.958892
0.173650
0.963988
0.046327
0.667379
0.015748
0.388348
0.360424
0.644795
0.279397
0.144475
0.046571
0.935636
0.720267
0.797876
0.410627
0.115146
0.634480
0.894131
0.013459
