0.407208
0.130284
0.269051
0.365734
0.725852
0.628285
0.673391
0.678732
0.546953
0.871029
0.867977
0.203467
0.016358
0.224189
0.846187
0.188818
0.200568
0.549638
0.339396
0.990051
0.885891
0.432020
0.261940
0.358837
0.833186
0.040468
0.251656
0.446516
0.893674
0.405774
0.962645
0.551225
0.892361
0.395337
0.265847
0.140355
0.685171
0.166265
0.014618
0.179937
0.296457
0.378491
0.530473
0.301675
0.542589
0.948790
0.466018
0.839198
0.048067
0.626942
0.201056
0.264748
0.060793
0.175756
0.428358
0.057375
0.972106
0.435469
0.084628
0.534349
0.948149
0.054384
0.283975
0.676077
0.579089
0.166845
0.409192
0.477218
0.951994
0.799402
0.017731
0.853786
0.053560
0.287057
0.718314
0.638447
0.909787
0.480483
0.674276
0.694937
0.367321
0.025330
0.890591
0.682852
0.924711
0.495193
0.939909
0.503891
0.517624
0.659383
0.284341
0.961425
0.666433
0.666524
0.849696
0.663656
0.890561
0.425550
0.006989
0.702719
