0.797021
0.965392
0.619495
0.139866
0.749199
0.053926
0.309580
0.829218
0.521500
0.858608
0.603076
0.609821
0.847072
0.928617
0.106449
0.398877
0.263894
0.281259
0.373882
0.216132
0.166326
0.872646
0.619587
0.671346
0.467818
0.234504
0.932401
0.945860
0.781060
0.558428
0.148320
0.799493
0.522294
0.008240
0.037904
0.634266
0.845454
0.542711
0.963805
0.145756
0.812616
0.028657
0.665700
0.593860
0.707266
0.926878
0.328379
0.223640
0.896084
0.331004
0.589007
0.868191
0.146001
0.641865
0.640431
0.263985
0.802698
0.657125
0.086093
0.110752
0.736229
0.358654
0.703604
0.406476
0.461043
0.178228
0.772240
0.089053
0.335765
0.023133
0.121555
0.516037
0.249153
0.842555
0.556780
0.813288
0.699118
0.016419
0.817377
0.624195
0.670064
0.347850
0.725181
0.290353
0.215644
0.940001
0.678121
0.995483
0.152715
0.739250
0.145970
0.902860
0.772881
0.025697
0.324381
0.818903
0.977813
0.631825
0.603015
0.412763
