0.744804
0.171209
0.004791
0.524277
0.328440
0.058229
0.252113
0.590655
0.105106
0.599902
0.615650
0.723777
0.466018
0.941404
0.203467
0.469253
0.665548
0.146092
0.845241
0.778100
0.030885
0.192083
0.228523
0.222663
0.439131
0.165319
0.443556
0.988098
0.468307
0.431776
0.591968
0.670064
0.128452
0.069247
0.616749
0.410962
0.579058
0.340068
0.008759
0.404675
0.738975
0.486129
0.546739
0.301981
0.195288
0.627491
0.726371
0.547685
0.317270
0.045656
0.035585
0.180517
0.981384
0.633076
0.731437
0.127140
0.814356
0.789422
0.275216
0.521714
0.359539
0.547075
0.082156
0.081881
0.073885
0.205756
0.741783
0.072817
0.560778
0.258614
0.365123
0.890408
0.945677
0.890194
0.215308
0.794580
0.800562
0.828303
0.277444
0.824732
0.523545
0.830348
0.924223
0.427564
0.579638
0.585864
0.333628
0.829432
0.509079
0.316263
0.814753
0.683767
0.109775
0.852962
0.697836
0.025422
0.699545
0.475539
0.945585
0.062838
