0.864711
0.290628
0.140721
0.839045
0.601398
0.433393
0.007416
0.293588
0.255654
0.872127
0.121586
0.755669
0.168462
0.097934
0.967437
0.400342
0.432295
0.480422
0.995361
0.698843
0.665181
0.570269
0.838740
0.394330
0.208502
0.130924
0.344523
0.034181
0.655049
0.179571
0.575060
0.590228
0.113132
0.819269
0.436415
0.198157
0.113651
0.143376
0.090243
0.547349
0.565722
0.993683
0.805017
0.952116
0.667257
0.852718
0.402722
0.636189
0.177343
0.652882
0.958037
0.261086
0.955809
0.782189
0.905057
0.229865
0.176489
0.068728
0.208991
0.797815
0.121281
0.025147
0.758415
0.520463
0.959655
0.133702
0.634266
0.071474
0.421186
0.453963
0.412336
0.960356
0.767113
0.333720
0.155034
0.181860
0.966521
0.505020
0.248970
0.328745
0.483993
0.345744
0.744377
0.198004
0.585223
0.588946
0.352794
0.423078
0.565752
0.260353
0.759270
0.162236
0.810480
0.125797
0.405072
0.375286
0.088992
0.429609
0.397595
0.719047
