0.304239
0.138554
0.781060
0.315043
0.134892
0.491287
0.229682
0.325663
0.402570
0.682211
0.997467
0.034181
0.141911
0.168310
0.530076
0.152745
0.568529
0.746788
0.604663
0.344737
0.208350
0.791253
0.745293
0.602741
0.888760
0.904355
0.390667
0.370891
0.496658
0.267342
0.970000
0.942320
0.911008
0.468612
0.543077
0.163366
0.015015
0.091342
0.161351
0.975829
0.194861
0.842860
0.605914
0.828059
0.230873
0.505692
0.658467
0.486709
0.987579
0.492508
0.561968
0.280038
0.808954
0.285653
0.826930
0.303995
0.024720
0.542741
0.039521
0.622639
0.474624
0.149480
0.828303
0.993713
0.456130
0.001160
0.644673
0.151067
0.002319
0.793664
0.514817
0.175024
0.896542
0.605579
0.418043
0.981567
0.328684
0.552812
0.448683
0.462111
0.601459
0.296365
0.417096
0.305063
0.790735
0.685171
0.046724
0.030061
0.767937
0.314554
0.422956
0.266396
0.489456
0.282510
0.850032
0.806757
0.960326
0.924070
0.772668
0.467879
