0.993927
0.205206
0.703391
0.593432
0.927519
0.939482
0.280343
0.369030
0.543962
0.871487
0.306192
0.327830
0.052644
0.707633
0.158330
0.347758
0.289041
0.033753
0.302347
0.862789
0.959502
0.206061
0.744591
0.129673
0.965972
0.001312
0.205664
0.332682
0.217322
0.808740
0.671041
0.557085
0.833094
0.643513
0.474349
0.163579
0.145695
0.764244
0.570818
0.593921
0.408643
0.175024
0.155644
0.139592
0.614978
0.793512
0.285134
0.704733
0.334147
0.566149
0.655324
0.094211
0.972228
0.312296
0.195471
0.858638
0.362438
0.577715
0.632160
0.226844
0.091922
0.279122
0.680349
0.158116
0.471145
0.421400
0.017518
0.044130
0.551927
0.667684
0.697592
0.093051
0.100864
0.044801
0.159948
0.926359
0.933988
0.564531
0.491256
0.419538
0.518601
0.041749
0.094577
0.318766
0.249702
0.891903
0.423719
0.663717
0.305795
0.187231
0.937712
0.548326
0.491348
0.755150
0.932646
0.250923
0.971831
0.597736
0.406384
0.264626
