0.307474
0.415632
0.613056
0.259316
0.692190
0.516251
0.462874
0.506668
0.803797
0.888150
0.424329
0.799066
0.171758
0.722617
0.084201
0.394147
0.468978
0.163732
0.022309
0.015931
0.633229
0.568468
0.156743
0.443770
0.225410
0.057283
0.216224
0.720481
0.930143
0.637593
0.495651
0.510819
0.604999
0.680227
0.550859
0.641804
0.785333
0.030946
0.989471
0.355480
0.049867
0.538041
0.013337
0.306436
0.154241
0.276833
0.869625
0.834223
0.338237
0.253151
0.865566
0.542467
0.713126
0.866146
0.104923
0.716208
0.135166
0.912442
0.600757
0.608051
0.472243
0.412336
0.921323
0.124790
0.668386
0.039796
0.025880
0.945738
0.514359
0.436842
0.445998
0.603839
0.528916
0.194128
0.468551
0.561083
0.857875
0.778985
0.477340
0.809168
0.597034
0.191595
0.108921
0.026704
0.445112
0.631275
0.379223
0.824854
0.092959
0.953551
0.436964
0.111148
0.255623
0.199530
0.100589
0.104801
0.752770
0.979064
0.834315
0.032746
