0.544542
0.988067
0.320048
0.039125
0.128819
0.442610
0.281320
0.338603
0.205725
0.709738
0.715323
0.145360
0.016053
0.916837
0.189215
0.408460
0.260109
0.821192
0.357768
0.885189
0.002350
0.719993
0.357006
0.583575
0.469039
0.683065
0.232002
0.105411
0.144475
0.888791
0.053499
0.920713
0.072420
0.345012
0.880428
0.104923
0.768883
0.775933
0.224433
0.570910
0.652181
0.956023
0.172582
0.325571
0.397382
0.272835
0.824488
0.783593
0.120304
0.799371
0.199957
0.668905
0.798151
0.657308
0.274178
0.535295
0.832453
0.952971
0.295267
0.437422
0.161199
0.066103
0.042085
0.783593
0.825831
0.574358
0.177129
0.901120
0.399426
0.592730
0.351817
0.346110
0.182806
0.811090
0.219581
0.488632
0.574236
0.009857
0.013886
0.404340
0.519120
0.335582
0.846553
0.604022
0.446394
0.117313
0.383038
0.632557
0.597034
0.505570
0.051393
0.067843
0.151769
0.714469
0.439985
0.951781
0.063692
0.148991
0.041536
0.183721
