0.002167
0.197943
0.998657
0.908597
0.314463
0.974395
0.007874
0.429731
0.411084
0.784417
0.038057
0.679128
0.481155
0.605914
0.019379
0.774773
0.944426
0.358074
0.159459
0.697897
0.545305
0.243477
0.042573
0.620014
0.496353
0.943419
0.168340
0.911832
0.576373
0.948057
0.086123
0.365215
0.590106
0.802820
0.781426
0.658986
0.095248
0.551653
0.470351
0.600299
0.803705
0.159215
0.458693
0.172643
0.562365
0.192572
0.221686
0.921628
0.320780
0.543870
0.360515
0.710074
0.990966
0.475570
0.592334
0.373394
0.606281
0.768822
0.429548
0.306558
0.685385
0.256935
0.704733
0.514115
0.207373
0.524705
0.597827
0.154180
0.104526
0.054811
0.321085
0.107974
0.679128
0.603290
0.118839
0.605853
0.849910
0.084109
0.737877
0.441298
0.635304
0.745293
0.024506
0.804102
0.778985
0.916898
0.805414
0.263833
0.924223
0.112827
0.707205
0.935087
0.243507
0.767357
0.072390
0.355296
0.929441
0.387310
0.626820
0.107334
