0.452864
0.402112
0.055452
0.716727
0.995544
0.491836
0.142766
0.855983
0.962157
0.675314
0.633595
0.386792
0.979064
0.939116
0.471053
0.271218
0.285562
0.688772
0.567736
0.883389
0.924039
0.803827
0.766259
0.752647
0.634785
0.577105
0.145390
0.269875
0.862941
0.320566
0.328593
0.387829
0.782128
0.917997
0.950102
0.846644
0.742515
0.106388
0.935972
0.956420
0.048738
0.767205
0.755791
0.467299
0.474319
0.008362
0.300943
0.558977
0.418226
0.318827
0.546617
0.480300
0.110813
0.576373
0.652821
0.870876
0.774499
0.190405
0.661336
0.295206
0.145878
0.160680
0.444624
0.021241
0.265358
0.333171
0.062807
0.574175
0.940764
0.634693
0.185217
0.096866
0.790674
0.567034
0.732627
0.048311
0.274697
0.742424
0.396283
0.271065
0.615680
0.740898
0.190466
0.959166
0.020966
0.071383
0.694266
0.557573
0.109165
0.517685
0.138951
0.124882
0.947417
0.650075
0.997620
0.189520
0.606983
0.784631
0.232765
0.632008
