0.642262
0.170690
0.858577
0.623341
0.400037
0.688375
0.973540
0.151585
0.565020
0.836818
0.920408
0.167547
0.847865
0.295022
0.729118
0.880703
0.222175
0.835994
0.499283
0.236824
0.616596
0.875515
0.878323
0.108737
0.468001
0.437422
0.291482
0.230781
0.042512
0.815577
0.080294
0.409040
0.930326
0.714713
0.205237
0.037965
0.620258
0.150914
0.669179
0.455092
0.561296
0.893338
0.317850
0.164678
0.615986
0.727622
0.173467
0.461989
0.313211
0.323496
0.957762
0.488968
0.805780
0.986847
0.960753
0.252907
0.939329
0.077609
0.911496
0.639424
0.338878
0.375408
0.007019
0.950468
0.919401
0.173132
0.755791
0.999268
0.726005
0.380779
0.791498
0.293039
0.510880
0.420057
0.314493
0.334971
0.952574
0.191168
0.315806
0.576342
0.924314
0.893582
0.240791
0.050508
0.717032
0.980804
0.248756
0.219733
0.624287
0.031922
0.724082
0.066042
0.794153
0.819971
0.195837
0.957640
0.755303
0.358806
0.321940
0.321818
