0.523179
0.210212
0.093661
0.655904
0.692312
0.831263
0.917447
0.907163
0.421308
0.244636
0.729606
0.753288
0.716758
0.812098
0.800836
0.814356
0.921903
0.392804
0.386181
0.327830
0.817133
0.667714
0.876919
0.317545
0.237617
0.911100
0.610797
0.788293
0.614948
0.990722
0.996765
0.976684
0.348918
0.877743
0.110080
0.190405
0.415418
0.447523
0.414930
0.266274
0.117191
0.853023
0.769555
0.178594
0.383190
0.251137
0.371502
0.829554
0.523118
0.164495
0.798059
0.552049
0.843287
0.258675
0.798975
0.357097
0.029908
0.817072
0.997314
0.456282
0.706687
0.694052
0.154454
0.090976
0.071627
0.028077
0.156468
0.199561
0.021241
0.495682
0.376598
0.953581
0.666402
0.387677
0.571703
0.694327
0.647542
0.289132
0.967681
0.301340
0.154759
0.643788
0.690664
0.523453
0.059389
0.984771
0.200476
0.304025
0.062899
0.112308
0.881924
0.631825
0.269906
0.000305
0.450606
0.948241
0.091006
0.712333
0.329691
0.642598
