0.882168
0.108707
0.653310
0.666555
0.226447
0.626209
0.053285
0.798791
0.264901
0.910642
0.885495
0.591418
0.982116
0.584796
0.051546
0.529435
0.853481
0.932127
0.072848
0.434004
0.759697
0.777581
0.572558
0.641285
0.575488
0.347270
0.821986
0.988098
0.337962
0.387738
0.507981
0.134953
0.401685
0.325999
0.377056
0.258980
0.486038
0.752464
0.912778
0.646474
0.021638
0.006531
0.702353
0.217536
0.701682
0.147954
0.649556
0.513596
0.644642
0.093204
0.688864
0.178869
0.074557
0.199774
0.158269
0.467391
0.925352
0.078921
0.486526
0.806482
0.274606
0.917814
0.350688
0.948393
0.014618
0.093081
0.961272
0.740867
0.665120
0.356456
0.629871
0.048189
0.735405
0.374004
0.276925
0.853786
0.541276
0.899930
0.034669
0.075777
0.883389
0.366710
0.602405
0.126835
0.493179
0.172185
0.509507
0.749016
0.652730
0.445509
0.943571
0.155614
0.894406
0.572375
0.298563
0.010865
0.187048
0.261727
0.100436
0.278481
