0.514969
0.434614
0.465590
0.470992
0.255074
0.716330
0.749077
0.330454
0.259896
0.813593
0.538255
0.472121
0.051332
0.557543
0.648671
0.022217
0.032350
0.894284
0.277810
0.781335
0.122166
0.603504
0.973632
0.943999
0.721946
0.027375
0.573504
0.906644
0.416303
0.590045
0.770440
0.194311
0.317972
0.389508
0.462172
0.038179
0.460768
0.643178
0.539964
0.634175
0.147832
0.268044
0.272835
0.614917
0.661519
0.376873
0.944182
0.765709
0.240181
0.971679
0.896084
0.515763
0.729453
0.615680
0.638417
0.236244
0.813196
0.365184
0.178655
0.876156
0.230934
0.742302
0.228339
0.967162
0.887967
0.029939
0.443129
0.529283
0.263833
0.670431
0.351939
0.907743
0.026643
0.048769
0.132176
0.072817
0.258065
0.442183
0.886593
0.414136
0.195990
0.416395
0.578387
0.559984
0.901517
0.451003
0.281014
0.253365
0.755272
0.074252
0.898495
0.816126
0.190771
0.289071
0.012482
0.231971
0.569781
0.571032
0.013123
0.380108
