0.606952
0.220130
0.168706
0.450209
0.249123
0.347423
0.791406
0.070650
0.416425
0.277108
0.154851
0.180670
0.510422
0.646657
0.320109
0.177892
0.096622
0.984741
0.525681
0.372509
0.666616
0.049409
0.298624
0.279580
0.886837
0.707175
0.942473
0.780084
0.239753
0.634083
0.558245
0.682638
0.463942
0.620746
0.255135
0.716910
0.699271
0.761834
0.706717
0.489547
0.743278
0.311624
0.709220
0.434706
0.325297
0.486923
0.897885
0.289651
0.804315
0.998383
0.277871
0.127171
0.196875
0.591662
0.726035
0.475723
0.941496
0.379620
0.119053
0.558916
0.305307
0.246712
0.245613
0.185217
0.839991
0.106845
0.157323
0.319407
0.792383
0.296182
0.115726
0.866848
0.876614
0.881893
0.791101
0.701834
0.313700
0.167852
0.869533
0.471694
0.545305
0.179632
0.724448
0.207007
0.526963
0.408246
0.308847
0.270028
0.008240
0.595752
0.924406
0.672323
0.705161
0.842769
0.023804
0.292398
0.771447
0.819300
0.702750
0.025544
