0.777795
0.805475
0.918241
0.288827
0.661092
0.759606
0.315928
0.098483
0.874081
0.243477
0.349193
0.983490
0.946501
0.799280
0.497421
0.687643
0.600330
0.900174
0.923612
0.474563
0.287545
0.962218
0.563646
0.484054
0.245399
0.803369
0.874325
0.114139
0.475631
0.331217
0.895047
0.459731
0.553453
0.740318
0.781030
0.338939
0.673360
0.000519
0.462905
0.938932
0.837031
0.917814
0.589801
0.611652
0.590350
0.548296
0.411634
0.851833
0.215461
0.247322
0.757530
0.987304
0.784020
0.134373
0.765587
0.613758
0.978179
0.255257
0.521470
0.304819
0.085269
0.222938
0.261055
0.628834
0.072817
0.618000
0.293863
0.003327
0.149419
0.930174
0.303537
0.418989
0.718772
0.322123
0.181433
0.563616
0.131901
0.996826
0.049593
0.377941
0.145177
0.449538
0.629780
0.574389
0.489029
0.385968
0.613910
0.149876
0.454512
0.587664
0.193121
0.423933
0.903775
0.505692
0.401257
0.633595
0.610492
0.864528
0.428724
0.616260
