0.474990
0.360912
0.037202
0.396100
0.485519
0.230293
0.923215
0.663991
0.680013
0.326518
0.574175
0.956694
0.871609
0.122532
0.333354
0.457991
0.369030
0.612720
0.956542
0.184240
0.771966
0.551134
0.021760
0.380230
0.909299
0.262276
0.622547
0.064913
0.325907
0.805231
1.000000
0.759423
0.224860
0.772607
0.271249
0.927274
0.270547
0.505570
0.909513
0.159246
0.159764
0.006012
0.132176
0.633534
0.366466
0.327311
0.853908
0.882290
0.966491
0.724876
0.359722
0.396344
0.948729
0.347545
0.355785
0.098941
0.918943
0.751640
0.552751
0.219886
0.602313
0.017975
0.438948
0.601306
0.051027
0.754204
0.399121
0.966369
0.963347
0.762658
0.835200
0.182012
0.019868
0.655904
0.445174
0.047395
0.644429
0.200476
0.316568
0.638386
0.093966
0.670705
0.990417
0.740562
0.285745
0.993103
0.152287
0.400983
0.266518
0.963439
0.106723
0.130528
0.730735
0.317240
0.690786
0.787774
0.493820
0.934843
0.783380
0.675771
