0.326792
0.962706
0.066744
0.882992
0.058412
0.131809
0.196020
0.399701
0.351177
0.054750
0.033143
0.040925
0.057405
0.782495
0.101657
0.707327
0.561693
0.401990
0.918332
0.015046
0.015809
0.956481
0.357952
0.826441
0.872585
0.468825
0.707877
0.711692
0.624744
0.349925
0.567797
0.874111
0.155156
0.973174
0.251839
0.568987
0.604724
0.695761
0.848811
0.548143
0.163762
0.109165
0.596667
0.560961
0.693991
0.798791
0.727989
0.443403
0.586352
0.394910
0.442213
0.826258
0.761773
0.195868
0.161138
0.993347
0.220466
0.144841
0.723869
0.922086
0.046541
0.441115
0.677450
0.036164
0.273873
0.567675
0.319437
0.703146
0.519364
0.015931
0.648915
0.006561
0.790429
0.488937
0.881375
0.825587
0.372051
0.864345
0.685049
0.751793
0.200781
0.698569
0.793603
0.875759
0.630604
0.552965
0.152287
0.973357
0.998291
0.923704
0.253639
0.124271
0.893338
0.056276
0.818628
0.293161
0.539598
0.426221
0.479781
0.904874
