0.194250
0.166814
0.622913
0.945189
0.970672
0.225532
0.042756
0.618244
0.991363
0.530168
0.569720
0.091678
0.277291
0.946074
0.323222
0.361095
0.279794
0.305307
0.748650
0.764702
0.461104
0.289987
0.093387
0.179846
0.830317
0.449599
0.478866
0.432356
0.840297
0.134983
0.224250
0.949797
0.552416
0.629109
0.578722
0.190405
0.475204
0.256722
0.517685
0.878719
0.982696
0.753594
0.760247
0.578600
0.719443
0.676687
0.663259
0.636067
0.898068
0.136753
0.148656
0.021943
0.895413
0.634602
0.320444
0.106662
0.054048
0.281472
0.927000
0.897397
0.095096
0.186346
0.325632
0.769799
0.048250
0.289773
0.105380
0.224921
0.106082
0.426527
0.024049
0.702872
0.308267
0.898099
0.415998
0.984222
0.462050
0.335978
0.726951
0.210608
0.205329
0.137425
0.332102
0.055910
0.618702
0.254616
0.293466
0.078738
0.292367
0.618549
0.213019
0.788110
0.254524
0.979064
0.837855
0.452986
0.667318
0.442030
0.573351
0.187597
