0.696554
0.485153
0.561235
0.342967
0.461531
0.733451
0.477676
0.736564
0.471206
0.275765
0.708945
0.751091
0.452895
0.803644
0.059969
0.833644
0.979980
0.353465
0.652394
0.426435
0.804254
0.933744
0.168279
0.860622
0.300211
0.817988
0.096042
0.243812
0.926511
0.785333
0.134159
0.873653
0.111118
0.089084
0.409650
0.207404
0.467086
0.435713
0.667165
0.919828
0.744194
0.754143
0.085025
0.079897
0.423200
0.037965
0.874477
0.978362
0.359233
0.040712
0.318278
0.636311
0.379955
0.106143
0.405347
0.527238
0.245125
0.914365
0.716788
0.542863
0.873867
0.425367
0.720725
0.734458
0.245491
0.801141
0.131138
0.860927
0.880886
0.587146
0.487686
0.274483
0.309580
0.935392
0.612323
0.175878
0.429945
0.149236
0.099063
0.769677
0.167974
0.332255
0.493606
0.351177
0.341075
0.421216
0.317942
0.856624
0.133457
0.385571
0.597705
0.907041
0.088717
0.874172
0.047090
0.877712
0.026704
0.090213
0.568682
0.024384
