0.790063
0.176244
0.223640
0.197272
0.227180
0.890011
0.329112
0.174017
0.318125
0.852596
0.838588
0.143315
0.848781
0.150212
0.661977
0.370128
0.540391
0.570574
0.081149
0.573626
0.040620
0.255318
0.917783
0.049440
0.681753
0.049898
0.608692
0.067293
0.413038
0.331614
0.846583
0.575121
0.813013
0.597827
0.940733
0.741234
0.588092
0.594867
0.554979
0.365581
0.463973
0.269326
0.978912
0.691397
0.875484
0.322947
0.588244
0.648457
0.361888
0.652150
0.651326
0.059297
0.073336
0.453566
0.137181
0.839503
0.294748
0.277017
0.682089
0.723411
0.393933
0.806848
0.370312
0.546464
0.099368
0.652913
0.485824
0.615497
0.514573
0.933012
0.890805
0.198035
0.774895
0.927030
0.187323
0.662160
0.753258
0.585070
0.318613
0.297739
0.720908
0.170049
0.765954
0.351024
0.369518
0.816431
0.997436
0.302835
0.100803
0.286264
0.325144
0.922452
0.990204
0.703604
0.826655
0.128147
0.330119
0.548753
0.487136
0.185583
