0.160222
0.693747
0.218635
0.275185
0.689688
0.759545
0.912320
0.960143
0.018464
0.577471
0.180456
0.585833
0.063936
0.034700
0.943815
0.142430
0.098361
0.086398
0.521165
0.621326
0.804315
0.214576
0.376995
0.397076
0.253792
0.115879
0.183630
0.666158
0.717399
0.898923
0.354076
0.473251
0.709891
0.572588
0.701804
0.357067
0.178259
0.106967
0.383618
0.146153
0.238746
0.847224
0.782434
0.936796
0.368786
0.562761
0.485000
0.783349
0.460311
0.912137
0.012360
0.133091
0.640828
0.605182
0.457991
0.536241
0.267983
0.043947
0.690542
0.662648
0.004547
0.723136
0.277352
0.156438
0.379559
0.171422
0.784875
0.359874
0.741905
0.715629
0.612232
0.437239
0.012970
0.847774
0.014374
0.930937
0.144444
0.477126
0.470809
0.279855
0.687063
0.848567
0.056246
0.332560
0.377148
0.407544
0.969756
0.385083
0.147252
0.394330
0.877865
0.776086
0.466323
0.447432
0.228828
0.569414
0.416608
0.998260
0.193670
0.356120
