0.413007
0.738121
0.390362
0.706687
0.971282
0.938658
0.047487
0.304788
0.431257
0.906980
0.763756
0.294351
0.041505
0.356853
0.519272
0.870327
0.311472
0.977386
0.095126
0.645009
0.037385
0.979736
0.557360
0.821131
0.908597
0.904111
0.961730
0.702597
0.099551
0.467391
0.935331
0.574633
0.755364
0.733268
0.291513
0.484024
0.775018
0.385784
0.334147
0.951292
0.800745
0.387616
0.007660
0.145421
0.817927
0.804468
0.549150
0.553301
0.273080
0.076632
0.798242
0.673696
0.115390
0.519150
0.822077
0.768761
0.668447
0.331675
0.010437
0.202734
0.738273
0.899411
0.298135
0.400342
0.863887
0.666189
0.670431
0.955077
0.116825
0.361278
0.607990
0.919401
0.355632
0.860805
0.627613
0.807947
0.341685
0.465072
0.574786
0.344584
0.622608
0.873531
0.824458
0.485061
0.589496
0.637837
0.046236
0.746178
0.614399
0.374920
0.690664
0.372845
0.673757
0.521073
0.851680
0.374554
0.364818
0.908200
0.663076
0.961821
