0.720603
0.943541
0.883908
0.414472
0.730033
0.674367
0.829859
0.912961
0.969512
0.518601
0.306436
0.363598
0.251839
0.942534
0.700339
0.749290
0.699210
0.867275
0.885464
0.036805
0.146031
0.084841
0.099307
0.172124
0.278359
0.465499
0.446791
0.194800
0.415632
0.236854
0.186682
0.002564
0.341411
0.117069
0.458022
0.798090
0.089145
0.582507
0.601947
0.747887
0.089297
0.051210
0.735527
0.885983
0.583941
0.264321
0.733818
0.792779
0.715262
0.645192
0.276376
0.080386
0.194311
0.918790
0.114536
0.216071
0.955687
0.771966
0.215522
0.714774
0.705069
0.836055
0.939787
0.231910
0.765709
0.772881
0.907804
0.588092
0.129582
0.745567
0.712729
0.256264
0.120273
0.055391
0.134770
0.343577
0.573199
0.225929
0.013916
0.598193
0.939695
0.315622
0.437086
0.472823
0.221351
0.740196
0.395825
0.776391
0.140446
0.385998
0.571276
0.944548
0.453078
0.295846
0.402051
0.460616
0.811090
0.708029
0.091769
0.458510
