0.079104
0.730247
0.712180
0.037996
0.512894
0.429792
0.058107
0.324534
0.705252
0.620533
0.411115
0.804437
0.705741
0.128788
0.866878
0.966338
0.220588
0.818873
0.383801
0.781091
0.298776
0.159459
0.208563
0.050295
0.410871
0.612598
0.834529
0.155705
0.326395
0.625843
0.149907
0.239692
0.696738
0.509445
0.931639
0.349162
0.748802
0.979339
0.340800
0.573290
0.996918
0.647572
0.576952
0.706687
0.377880
0.241188
0.346171
0.469344
0.716666
0.830836
0.300394
0.814356
0.928037
0.850398
0.103214
0.354656
0.860958
0.188849
0.279427
0.440504
0.191809
0.135990
0.503372
0.918241
0.272713
0.462294
0.483627
0.102145
0.340953
0.415204
0.099246
0.990417
0.996307
0.912809
0.944304
0.256355
0.351878
0.715598
0.936857
0.046571
0.765496
0.858394
0.148747
0.116672
0.556658
0.123051
0.512375
0.336283
0.616993
0.833522
0.560228
0.094485
0.318705
0.754387
0.854518
0.636921
0.628651
0.374187
0.262001
0.865535
