0.833583
0.354839
0.731193
0.632801
0.782769
0.428144
0.727256
0.061129
0.054781
0.520951
0.981842
0.919004
0.954222
0.390027
0.713370
0.584826
0.744591
0.548051
0.974334
0.630238
0.023988
0.761620
0.281655
0.553514
0.649678
0.903043
0.186926
0.694845
0.117283
0.436781
0.941771
0.864162
0.802057
0.321909
0.915555
0.713614
0.966887
0.611835
0.921201
0.384899
0.944792
0.532517
0.105441
0.463729
0.401257
0.320566
0.559862
0.771722
0.082797
0.602191
0.308634
0.027711
0.958190
0.594531
0.829768
0.909604
0.158574
0.910398
0.765618
0.547288
0.622669
0.247993
0.979247
0.979156
0.853114
0.746361
0.612537
0.602191
0.690481
0.288308
0.302713
0.147862
0.511429
0.531816
0.213202
0.214301
0.756310
0.951018
0.035157
0.886624
0.193640
0.668508
0.616169
0.476333
0.827021
0.359783
0.371685
0.911039
0.850612
0.011017
0.136631
0.805872
0.560076
0.811975
0.611927
0.747856
0.624653
0.964385
0.063601
0.824244
