0.336619
0.056520
0.563707
0.611316
0.551744
0.609027
0.916349
0.712699
0.201270
0.504471
0.582476
0.002533
0.429792
0.635945
0.402966
0.898221
0.665517
0.178198
0.975127
0.743065
0.972564
0.156255
0.072146
0.172857
0.076876
0.992218
0.127384
0.288766
0.972442
0.312143
0.938719
0.168126
0.513474
0.794000
0.250404
0.744621
0.899716
0.337321
0.368023
0.588427
0.459853
0.337077
0.462630
0.618488
0.640828
0.341960
0.720878
0.277352
0.607685
0.878536
0.996918
0.200201
0.361644
0.723045
0.122684
0.909330
0.781579
0.401471
0.532487
0.565264
0.495743
0.199438
0.358257
0.305734
0.989837
0.463057
0.652028
0.203864
0.857601
0.472121
0.891232
0.376598
0.600269
0.666860
0.423750
0.274850
0.881039
0.509201
0.008515
0.686697
0.640980
0.760552
0.108249
0.484420
0.982421
0.456221
0.090030
0.647206
0.226112
0.358776
0.990814
0.590289
0.048830
0.171148
0.003082
0.332041
0.106693
0.290567
0.338145
0.530381
