0.051637
0.384777
0.621906
0.919248
0.346355
0.572069
0.480667
0.176885
0.784478
0.485641
0.472243
0.757286
0.122044
0.004242
0.019318
0.715110
0.726646
0.930265
0.500870
0.056673
0.650044
0.395581
0.157842
0.647298
0.031404
0.278298
0.970092
0.206275
0.236457
0.409528
0.159551
0.421644
0.639363
0.852870
0.477309
0.714652
0.453261
0.037385
0.929563
0.686270
0.516404
0.025330
0.099551
0.776543
0.438887
0.695853
0.721641
0.167882
0.017457
0.125828
0.663015
0.464187
0.324076
0.949675
0.970458
0.175939
0.374371
0.978210
0.137425
0.543931
0.782678
0.859310
0.248390
0.731437
0.309397
0.060213
0.155919
0.917386
0.707419
0.953703
0.347789
0.320750
0.773400
0.288766
0.659291
0.688009
0.010620
0.827693
0.487808
0.274667
0.809229
0.429975
0.665548
0.852382
0.550218
0.364940
0.646535
0.772271
0.539842
0.134312
0.164556
0.616688
0.180090
0.585406
0.017945
0.469741
0.281747
0.596912
0.137516
0.338206
