0.926359
0.118046
0.594073
0.754418
0.783227
0.842555
0.701468
0.091525
0.287759
0.298502
0.871883
0.623554
0.587512
0.635823
0.378887
0.860134
0.661702
0.891751
0.685415
0.188360
0.521256
0.016449
0.492111
0.352580
0.894864
0.439680
0.162786
0.802820
0.307657
0.459334
0.683035
0.444197
0.959044
0.233894
0.808222
0.817591
0.304880
0.659566
0.557421
0.243294
0.751976
0.913266
0.709006
0.958983
0.369152
0.942930
0.454634
0.782647
0.023041
0.686544
0.867641
0.332743
0.843257
0.300668
0.342051
0.335795
0.424207
0.180151
0.658803
0.053194
0.669607
0.049989
0.834712
0.358623
0.685507
0.910825
0.411420
0.496841
0.628681
0.118992
0.339640
0.055605
0.916166
0.383038
0.115635
0.181494
0.702292
0.956908
0.325632
0.571337
0.030030
0.812037
0.254891
0.270089
0.561754
0.069185
0.717551
0.806848
0.296762
0.471145
0.763024
0.699637
0.181249
0.177801
0.416059
0.861019
0.017212
0.664663
0.106021
0.935026
