0.576189
0.006226
0.941984
0.097049
0.324503
0.325358
0.489486
0.348064
0.666250
0.689779
0.205969
0.833888
0.109622
0.237251
0.190283
0.221351
0.263894
0.810572
0.402997
0.662404
0.072298
0.883236
0.013764
0.377117
0.187628
0.057802
0.031770
0.387158
0.896786
0.917600
0.875759
0.431166
0.500107
0.512925
0.039460
0.592517
0.552507
0.263863
0.509537
0.671804
0.871609
0.559740
0.091067
0.834162
0.720115
0.837489
0.298044
0.563707
0.068117
0.419538
0.964110
0.455519
0.341929
0.893185
0.230659
0.876919
0.564928
0.311350
0.067904
0.029115
0.298013
0.997955
0.985443
0.440596
0.284555
0.236976
0.088382
0.423078
0.206824
0.628529
0.135960
0.522050
0.460219
0.391278
0.757530
0.492386
0.350932
0.394116
0.483657
0.830653
0.624104
0.197180
0.747765
0.395367
0.727928
0.884060
0.514512
0.146550
0.720634
0.966063
0.691641
0.535203
0.226112
0.140324
0.981201
0.574908
0.344737
0.182531
0.326334
0.126102
