0.925413
0.755486
0.610248
0.424512
0.105167
0.415082
0.763207
0.384930
0.522904
0.594989
0.933958
0.711814
0.112674
0.850765
0.882168
0.347484
0.883877
0.145146
0.247383
0.289773
0.593463
0.455702
0.851497
0.309915
0.717460
0.485641
0.690481
0.601917
0.627277
0.760002
0.772088
0.895199
0.377422
0.887173
0.455061
0.061007
0.010834
0.268105
0.447157
0.744499
0.787988
0.034028
0.116886
0.053163
0.246071
0.493789
0.276711
0.833522
0.494583
0.872097
0.092624
0.566607
0.653371
0.620411
0.277139
0.414045
0.839625
0.080996
0.221900
0.445692
0.609882
0.786035
0.225623
0.580218
0.263314
0.172246
0.474410
0.269723
0.912809
0.993591
0.929807
0.459975
0.729453
0.211554
0.781793
0.856929
0.267647
0.646046
0.622150
0.031495
0.276101
0.166601
0.994842
0.393292
0.901608
0.706504
0.479659
0.564653
0.691519
0.879818
0.965392
0.186560
0.301584
0.483505
0.268349
0.687246
0.314798
0.665731
0.753441
0.045015
