0.818737918821189
0.3686250874642628
0.2805707519270042
0.036802559848373995
0.8514964645358303
0.36450738229250157
0.17953637696360725
0.4164824229079912
0.8317097739433181
0.8539140264749683
0.6153907832578065
0.20331395520611284
0.206705834153455
0.7174733937883051
0.8096297950286729
0.49620628300033265
0.25409309230274824
0.6419917468890496
0.6777874110241776
0.3684340553895824
0.8918528409330093
0.013451046516295806
0.9588884381629323
0.681877919364936
0.1064603583652568
0.09558991867114985
0.0660204963096942
0.5560708415442298
0.9038789870542362
0.9760890346199582
0.05874393029186409
0.25404048354214914
0.055008324539489006
0.30516482196990136
0.026393731782701213
0.9645069287022012
0.699703151145145
0.6524421160464889
0.39807570413884796
0.4950664890308464
0.5948428944548196
0.6633112141621365
0.34372433660991253
0.8246592347695259
0.8670312996249184
0.21687028285695586
0.8090882749436316
0.88710042284473
0.5828139745550706
0.7679720028134145
0.08611145808399467
0.5101636454398732
0.27510204383287606
0.267603184892935
0.6098028386934087
0.0473581643281884
0.8003815935476858
0.870964300661769
0.5187766537150332
0.25396575275330535
0.788665457713789
0.032462254102808785
0.7211611873103452
0.9870571787154492
0.6647797661832251
0.037810529150820615
0.6296518408594766
0.2863163268705442
0.5220047584630312
0.9014383242849227
0.9557213802285596
0.32091098808734253
0.7437899943755932
0.11967812860490912
0.4072477674078693
0.8168924308156866
0.16988353415379742
0.8900508818720552
0.4206862280048197
0.9335504633935029
0.5474259562882261
0.42917648100728667
0.5171112243577177
0.5292134409232658
0.04874456671979044
0.0334833651463724
0.6042967023248178
0.380489152809917
0.40493044375907683
0.9936928383337551
0.31011980819540097
0.9055082566651929
0.4349398218421525
0.13342410195336618
0.23604225656964084
0.9037820850395074
0.8267820130753394
0.45894446595249416
0.5589400030308038
0.4919534848458026
