0.35963644659825955
0.7494025327511015
0.9270886386616305
0.9455958286985712
0.1844198263654534
0.9948885834840606
0.1783767627272136
0.7951051364166241
0.6010204172172212
0.6002428354091495
0.1847466432721515
0.4703193995163074
0.2552835864561108
0.22805632539812004
0.28817027348184276
0.60626359770222
0.18759645266170177
0.8410789999665461
0.08938856343182
0.19103212936072167
0.8007094964916996
0.5613356615084555
0.43449451628858504
0.4195595682322084
0.23374587988889528
0.19140487855650523
0.8890586458682893
0.8664500406967499
0.23396411701786257
0.4554544436424288
0.04847928883171737
0.4179796271922196
0.6751577651071592
0.7371488698126949
0.5487572188259126
0.7360579752664539
0.8622650504243567
0.8814136048645718
0.4646092754004816
0.6694063963494443
0.5931156460150045
0.42494854908197555
0.11621101351768726
0.8968057623288536
0.9324253409946052
0.5000714493709255
0.5633697134706026
0.13309923425990033
0.38650091419257193
0.5453465372488977
0.975240734931013
0.7929013728142902
0.059891255309868385
0.8300094581205623
0.25912695634696903
0.9209193588260671
0.04519399381999578
0.538233371200174
0.7514784004798616
0.7736412935213679
0.8278197452424646
0.7191782963386085
0.48011765635234993
0.886815698367275
0.4484605680164814
0.8443271360547506
0.9384150087205753
0.7509094321447028
0.1771447314087824
0.8778375661352134
0.633701440016773
0.6421344580092812
0.6392700136159638
0.6501190272513542
0.19234457407824146
0.6936791507491593
0.9875662352524074
0.6058659237480727
0.45556639393071197
0.80840447745652
0.6977293894125328
0.4297917514850095
0.33722681128550347
0.5924693236850462
0.7957494539437292
0.3133249125059495
0.2873388732504456
0.8730912991681846
0.4297501906301888
0.12739147159807085
0.0798319385223133
0.2513953653482064
0.05317482510348004
0.9945880399865608
0.7538528419182462
0.266918823070876
0.9407607805105622
0.16349064353019505
0.21978635039424843
0.8621542869514865
