0.5250396396696874
0.12484402661535998
0.46150895244127743
0.10989445034043288
0.07045702563966505
0.2569540288200648
0.2987537245006039
0.817158872229334
0.1900101521191897
0.5209327526431671
0.15647620846496013
0.10365270610865829
0.49812400918480837
0.4973479997847865
0.9378894390514716
0.5426153991869934
0.23466397773892633
0.7115583967380142
0.15683611612471016
0.9244666655203309
0.8102859387791143
0.5684942684877556
0.8568869204656117
0.4776586980632592
0.2820259159318709
0.28656988195361666
0.8730252989158607
0.4033004589711682
0.02472172082125823
0.8435338761311653
0.37927493976873017
0.3457811012812011
0.3314123929720516
0.749923702875817
0.6646452793800829
0.9158483782186424
0.95937929001118
0.87091164639112
0.9100823656538356
0.9177210162372017
0.004641172309429731
0.21043043278944362
0.8413941484545081
0.6369173370475087
0.9900906036477053
0.9705998961350246
0.2400228501515489
0.7750646188370469
0.3828790789861102
0.788164398384583
0.6176501867278453
0.2928556183777917
0.4086511137549421
0.6920915618421546
0.42327770873835124
0.24186512309013486
0.37617721745637667
0.08978722139851758
0.8498792679962257
0.9203234913125269
0.9507364770211844
0.11930827498551522
0.7898000905696396
0.3277085992571175
0.9266913680034103
0.470926312964583
0.0956673190791616
0.03990940056847392
0.6767280453030311
0.37654180520606473
0.7842206628151891
0.012881645465459557
0.23434228053096506
0.1843294550069019
0.34147481681057856
0.6877401056713072
0.8455915232476596
0.45011429780251877
0.7106883546341951
0.6371259495149565
0.2906489168069586
0.49928273149384417
0.553442132410807
0.7289414798818061
0.19951661243581997
0.9989137249694132
0.8551091345223637
0.8840705182520161
0.42492811715429546
0.7283489318578608
0.9453415500786214
0.6169835025027665
0.7241926385158013
0.7855259624239785
0.2818740045001552
0.823715050928708
0.0620152634740454
0.5576927565337423
0.963200168475147
0.7432306863191233
