0.10936284985830191
0.16458138662741473
0.6061305546724524
0.7552028457544855
0.9341530105336606
0.6972078540743541
0.2570809578860167
0.44603572223129073
0.7211353149550778
0.09886993554812451
0.2144260041600523
0.6940323568313231
0.03991988927491108
0.7983078096356739
0.7434430108515151
0.2700931523587262
0.8708633236161109
0.6805159440473223
0.8070708486027325
0.9676550523506444
0.9710931282489006
0.9134622302893992
0.0953296096991274
0.8753162628280499
0.8263534340718104
0.8924205923318386
0.3946698551936181
0.7328601391974611
0.03268270228836301
0.9296331093104332
0.880662102430747
0.9540621718252561
0.4231667209773865
0.9544849765470075
0.6677948374924128
0.6014459241736282
0.0783353987321036
0.28296647945495434
0.011423428686879622
0.18172354217298736
0.12126043345358317
0.2523181945052333
0.062138584562362875
0.7677293689380581
0.8726995745667747
0.07944949601877249
0.14308547147400152
0.4913278238091142
0.3979836853145303
0.027430250726782734
0.6264194947723773
0.21211347442721207
0.6793267756767131
0.7321596126245263
0.5865689758125929
0.5668388317760885
0.6029138399262524
0.6559303915836641
0.43245871095282495
0.5876557324832397
0.2569489428492152
0.22147686812088918
0.24710385628388531
0.7210849924012211
0.064804626805953
0.03217285080144261
0.8319349035478626
0.5999837749976409
0.5742013374529789
0.1219342843655068
0.960822512400865
0.1089000177413938
0.8508216666805319
0.1624254351074257
0.7790550387321267
0.008484532842390369
0.14585153206880042
0.5663216111554379
0.8059655056713835
0.5099585949010712
0.1496828469276945
0.7234587575945466
0.9439811321183087
0.4864997902475545
0.03827844249258683
0.890199852743763
0.2604642593063067
0.05481416030467823
0.08794202280283803
0.17935509801716132
0.9285804823136287
0.1413319012905253
0.4964800697991846
0.7410911678959028
0.8232968438064404
0.8678784460497071
0.8730255318861551
0.5179292601821434
0.07767574363995644
0.9170992480825926
