0.9441316985495004
0.11900815997773073
0.7328210655094874
0.4584885913736465
0.05621062965811052
0.8347642146075303
0.1584195587024071
0.5099080015713319
0.27280831347051393
0.8805432127902565
0.09175780111952858
0.31888806231088906
0.8138756892889742
0.41111235727998663
0.8975307072429267
0.7073301428308758
0.5877433043281834
0.957839239392317
0.06833249918518558
0.7997369432610112
0.27407951891118276
0.7643238368998122
0.4762569795187849
0.1551942059687368
0.2171871129237738
0.24325415456646093
0.45257059449565373
0.388298087182677
0.9073770384470521
0.5793346924252996
0.9327557541218039
0.9779973614655123
0.17131494192981733
0.13579782172733168
0.6124899898440455
0.9389701324833287
0.6906651600971323
0.6767543504947564
0.3326549995259167
0.923236686174283
0.6852807223305071
0.13816690519272934
0.7712838967978584
0.41304359013000824
0.44621078888659715
0.0017404727045164936
0.6693914540806353
0.768295031809543
0.7633685043026521
0.8097942384625451
0.8834297094749174
0.3150060572568585
0.7233304833875339
0.6588772625523929
0.13265981070385502
0.21852326608328676
0.7519504813871863
0.5419216056238084
0.23911118038354384
0.11180673482637393
0.820901773121724
0.8763532184664571
0.5951391383240154
0.16211225869457135
0.14783731137782008
0.884879404150501
0.1630487273832152
0.41438334574748115
0.16921691723298926
0.9494774727169221
0.3773617062546615
0.18286114046481405
0.11695571013204609
0.030622903396897216
0.956563424109359
0.7084059207554471
0.5481541336826815
0.3444614559428354
0.04068694844769061
0.9156675912835077
0.6276015087523005
0.48086610660597384
0.6282583697932836
0.05416092566525732
0.8671397104429253
0.9630522473078615
0.9566885363443141
0.4020101592909736
0.479105970833559
0.9516972402739188
0.14874541654067486
0.8739312852720905
0.5472240765144962
0.9405068347861139
0.7654666831435449
0.49316904421597496
0.572640448818409
0.7388168646030188
0.1328454787418405
0.06852906317738705
