0.29051632833318275
0.11344388062208921
0.01928187042689733
0.3666661801866047
0.5637209933765409
0.5879749051136315
0.8763920538885386
0.3153283671837456
0.5285356295908168
0.1812500319901963
0.10274602652511888
0.9736543168429932
0.3109519321095253
0.5208034911064738
0.8246399989687746
0.8528740170398027
0.6038647473053533
0.3650339458608314
0.2846711703276399
0.8642395221003326
0.11563179114757727
0.32418792603129165
0.7923939533139308
0.27902369885412337
0.2754758125246576
0.027953221892674684
0.45502914080593215
0.8800670819660197
0.5097114557713277
0.6490431728957314
0.6053101579156418
0.938160622936748
0.9408050388894165
0.29569566386320045
0.744368576926815
0.5660571326365054
0.9259445756842132
0.9724192229102185
0.33040875122036506
0.8777341829115146
0.7952744828319399
0.5557647539589519
0.4013247229328374
0.08282100240860246
0.8621149518740517
0.9681305308543123
0.3044501533808972
0.5909273506852977
0.6203211205810324
0.49320376774721897
0.9087311220124002
0.9877449689085281
0.5464816410494953
0.30528795498283745
0.3480902972376313
0.5312629412819143
0.4614677077281131
0.7948823198167868
0.12770467877249425
0.20288195642643625
0.785146123107061
0.4819080591315229
0.8976562159671857
0.48605994493073634
0.28162308329581554
0.07092849116487154
0.5217323559833551
0.07440157250999391
0.6467094028730774
0.824360645451407
0.9297003019696124
0.5709329602744142
0.5955615615600223
0.23798059620215606
0.2092476639973404
0.1260673226848823
0.44023193292336826
0.8532819010613388
0.49585627661852627
0.5957003753370668
0.3494952930623143
0.23688922101611798
0.8261696917046291
0.0724867898942082
0.2725931542197614
0.3156194305754636
0.48222745899692476
0.9354366901050503
0.8508253024844294
0.34303437605781517
0.9783610541641604
0.5411490818361233
0.7148532557779166
0.590851250204172
0.9746243187587273
0.85455733935102
0.5219012628691809
0.017420215942935857
0.026798491113557366
0.09257093196809918
