0.4671074509233487
0.45425282882567997
0.11405131371078281
0.46548958681498886
0.36105549143272087
0.5528240843682036
0.2528514265797328
0.40464061497051085
0.02037639094702437
0.36274887548012313
0.5313350543730786
0.5582894832645838
0.18593976075705831
0.09529233438107143
0.9293227328566614
0.9062804502606864
0.09621635575538412
0.25714237384110106
0.8071233973085187
0.14830904480409046
0.8428181878872515
0.06196950111658717
0.9194357963294928
0.40720578053735024
0.7823543695983695
0.3215588133473929
0.9781136359258873
0.8717110629517746
0.6466216163643216
0.5476085766129132
0.36760076713942713
0.4031043384608767
0.2680465054163299
0.40304521260577075
0.9181283445847004
0.9214654420149151
0.10011778667787197
0.6738225551933366
0.1683009128980194
0.6775412172051598
0.15923967640573755
0.961732195923849
0.5365653092792899
0.9850018064201077
0.5554898830899367
0.9262099738488078
0.9507105168333804
0.5817363615853358
0.41765164690498224
0.22015574987763087
0.1449037848666339
0.5943090279542271
0.7596494759961503
0.06415710417626885
0.6202306382317914
0.39338479971052365
0.40058036461187974
0.0030540050122237483
0.11363038427122829
0.8912289368451585
0.7581033053183566
0.9400777204657346
0.6423077232588507
0.08290037848736431
0.250958495906598
0.44602219687179334
0.4138512629997462
0.48631810960462396
0.48365932589507143
0.37799917495322466
0.2822631721849209
0.36041790220729475
0.6658068583298354
0.6781871369277281
0.9566229045139604
0.8184011993420344
0.039644774360151236
0.398865486003692
0.08882957644657918
0.5029869209473109
0.89817309077789
0.9109394567687787
0.9688123384890437
0.6642554784618302
0.46262883480961825
0.17495715589523642
0.6810079644391122
0.655217925585248
0.24170157198693387
0.7774319568558791
0.8350826304794859
0.10314238192200975
0.5161380177104273
0.051913457020918874
0.235028343141374
0.12243718107687973
0.25129134773701955
0.760808988360057
0.6339429007919203
0.7929056844308573
