0.6109646087067029
0.8494505402784119
0.22164892679058912
0.04501949975078845
0.08200843637153554
0.03099834819732783
0.93541634645406
0.20487690373724377
0.4445918162208393
0.8508501093452365
0.2970243913131172
0.5469173936696712
0.14868151192597556
0.5937691844637278
0.9809718766598972
0.5687310724635121
0.44999186904506483
0.7177312889751472
0.2325740034011401
0.8392749522457027
0.7604214457716154
0.6444901181667653
0.7753208811501512
0.7008228309095179
0.6635162678864961
0.7971539869940737
0.7065897977767223
0.98679049410406
0.47739224550598125
0.433144173090556
0.761022268109583
0.5151990108025922
0.8480938582455352
0.28281155461966856
0.23649324615112444
0.7922080714968314
0.9722225461688038
0.18344265322605136
0.4220631674274895
0.16612595877719782
0.7570791070732052
0.8821304639097481
0.3279193380811609
0.5114988476115251
0.6525824663152999
0.6712734153612222
0.07537660236286703
0.5848970730633835
0.584657808851648
0.23686283393206942
0.5242840834315
0.00855970831612185
0.5122243741006293
0.8600189502409257
0.2258369706618516
0.3151149616985549
0.7127191933749351
0.351890040894711
0.44936291725290434
0.721531079870352
0.6741617353810047
0.7023575783920059
0.37291559004073405
0.9193280173868043
0.34623090413103064
0.041817094172346025
0.970625339839268
0.5554164306992329
0.11662347411955709
0.8318044902487807
0.3209630475048528
0.7113339005748592
0.7964887599140957
0.8098632127896576
0.8163089219526256
0.47222107900658916
0.2572337285840839
0.062370639047020116
0.5766629287665
0.5070081493614235
0.5835767339484186
0.8604661121200308
0.017486851892520194
0.28525843026744246
0.2776745762927679
0.18090862786895268
0.17863200058966566
0.41035970653568354
0.6516449647632366
0.1592039741878023
0.6606886518048376
0.7468554871714931
0.7781868949174163
0.20812999386970388
0.502347271408372
0.5425601410971255
0.6004619518155125
0.5002912850294206
0.993876119921215
0.13230330526389733
