0.9717638240157466
0.7511681440745445
0.7478979073051291
0.7395757564064374
0.4196356062339681
0.47344370802805025
0.031633652047671545
0.7801708839978809
0.13164273378115465
0.6454191457580599
0.5440603773287307
0.6328715949097056
0.6386984686985049
0.2838368053393656
0.08697457898640859
0.10740135397024764
0.9252638400364128
0.38387939468596877
0.870122884947143
0.4416747795580638
0.1603446699790151
0.7711803936838761
0.7916407657901602
0.8133607511408196
0.7433122730243292
0.657018800183085
0.9509972502616557
0.9161161500939697
0.9508659757765806
0.7335888658694529
0.9589773031987068
0.08875799100623627
0.13374248248153298
0.15396932191005464
0.6544471436275932
0.5261550128909522
0.22342252047571842
0.2609555858811813
0.13154947650587612
0.8227939924055911
0.7833584079809032
0.8295757074010859
0.07110486254700499
0.5312019779886316
0.25126954658058154
0.43484632131746437
0.783026585375682
0.640391373835113
0.5195684113322502
0.7371824280527189
0.03084003785053746
0.07045331028349822
0.42571488254944023
0.6272111135665461
0.26259704469608347
0.6566489846389202
0.3043100318152958
0.932352453764678
0.4290670684379395
0.6716143778286513
0.8553291667180566
0.4417873703543922
0.9345479625898196
0.9260140571688724
0.3319846871549077
0.740627541087903
0.4771444934027317
0.4613111485302155
0.349185254904985
0.44543289155009835
0.4653929795202456
0.5442565202437591
0.0937529541953025
0.06548298950162279
0.9184132566042434
0.8235167339241781
0.7925797050324209
0.17198713288357237
0.3136358367209878
0.13869096557632754
0.28482922373675723
0.06620194090614762
0.8610481701354821
0.8867414703586683
0.5260112798328145
0.13366533247115742
0.568995680860519
0.5712476932338236
0.2983344303430928
0.14004062886863677
0.4016688574015089
0.6559507486473938
0.30472910322292446
0.20503789343251522
0.7197506050347302
0.9441123604013206
0.8184823138132186
0.009331435725225212
0.4955240215814337
0.833450299261256
