0.4027839454145663
0.9590374430750364
0.94000335306294
0.45402844308375456
0.06987964593490903
0.5548925930819507
0.8523823816592316
0.8723115664519582
0.4233649881177156
0.4151046240404235
0.1446053082792793
0.12177101990000838
0.4213090630316849
0.04220206655759717
0.9959280091082476
0.761009124678743
0.6336490319904798
0.4996507776046357
0.25830523118960147
0.7618734158029151
0.7825135566819232
0.9930247064326863
0.013380007501805902
0.2690329145878011
0.20863564227345655
0.16034675180720337
0.32994616881405825
0.7060039155587247
0.6365073800950092
0.7964347207740203
0.8067942299363557
0.36225548840446975
0.6593360972332124
0.19833726901868465
0.5246450455194174
0.22961798227241226
0.8714985333455783
0.6158350598338667
0.15321411144074304
0.35841304141941166
0.8278496108411243
0.17282711563842135
0.30635799922908147
0.9424666243027219
0.6553938145149406
0.12374816793494603
0.6897156494728363
0.3293375039309828
0.3871216966991372
0.14094079862766828
0.451476176126949
0.6109472707914521
0.6261423866172862
0.5479005496336566
0.23338668645914606
0.5698183046003308
0.9824776874311411
0.6302725027935748
0.7563653392346337
0.45974464346037336
0.9636984751368067
0.05330664149060038
0.15825403028020113
0.2500191055099946
0.4754347250379045
0.11031250290239214
0.6578282204499541
0.39939460811010874
0.9298571292321981
0.5976585764250981
0.8215894617814313
0.934822535095155
0.4522757126939807
0.9192808119547882
0.05559232112777868
0.7117601862164972
0.3307731276756357
0.8509917916257873
0.35621288279224694
0.23751994791216624
0.6693181868169545
0.41606048441776866
0.7121809819500582
0.5285871332007529
0.6855543287312067
0.36740017807640457
0.5970993995028089
0.3050472362459278
0.881600454633961
0.008828971602338198
0.5711617653051919
0.2666588353859426
0.09949505257010383
0.293157041374112
0.43259118627168003
0.10915562563331305
0.9903959773927683
0.3388034909710519
0.12431746134637911
0.5298343372114401
