0.5915181886596991
0.9564653457244328
0.017460194425641617
0.3785043936431908
0.5644036959718248
0.8967608426341097
0.3712723037469905
0.8849854526792359
0.6309181698941898
0.8382617338945588
0.7748415021298185
0.4422780534433971
0.7743170526864747
0.3764273018657146
0.16143142258437793
0.9120350043103719
0.30268982934043176
0.6667191227067726
0.5821631248868188
0.3294183186973456
0.8445014720329946
0.44908332747005264
0.006478724888913989
0.015019006328862772
0.3377900019787774
0.5752670523947628
0.7245810568105963
0.2366010038053542
0.9650535969917753
0.9561430637704175
0.31939480594581615
0.9439675013660863
0.9755218634106225
0.450511849111194
0.6474103786320536
0.12103631407355675
0.14059446117153673
0.7339310124445279
0.8058154642249473
0.2694951520555994
0.9499786125795325
0.712053904223798
0.5441022420434211
0.4320112830214242
0.6671340682502243
0.6335710053181148
0.914290915460539
0.35678042867511384
0.4405078458029591
0.99777062656393
0.1420373077427216
0.014113521729258838
0.7933374570272662
0.30923493056284423
0.09068989747070033
0.5780585824781102
0.9071726495547656
0.7684577459141589
0.5773906894055639
0.2335536151010188
0.8784837423939009
0.6411339915701608
0.32572088736141325
0.4783505407405073
0.37396433855503664
0.0921347745267469
0.4535624936663334
0.31613480770977065
0.5507098184086868
0.05885352047876835
0.6245470722230296
0.06112870530615955
0.43099441247810777
0.2985667560229037
0.08644544200039361
0.027142296403719235
0.8267856346733542
0.6976610120507898
0.8246222429775474
0.9542930911940796
0.13742323210590035
0.40735632643735764
0.7445133165699958
0.7488392211915269
0.8682883391049869
0.47667249479068763
0.49782565303229886
0.4209293745068865
0.23248052284179987
0.3667909858504149
0.13752456940133828
0.886732626442642
0.21002135726214677
0.8105962132430079
0.7736526951666411
0.9814523485130269
0.7160487002382889
0.16234017524818556
0.5611821915529797
0.28147247681375864
