0.3436437377987611
0.7302934707080275
0.8262525937864156
0.2583053686301239
0.12228336101749926
0.6862459965767168
0.7988343104999064
0.18587249786967153
0.603579183727589
0.8989154382005234
0.049030729451421395
0.8517471131541398
0.8283328589408964
0.7737168233803425
0.45272552844848135
0.9572573331210131
0.06644222405489308
0.9505209566328322
0.40189671539094074
0.9894048762583939
0.4443607314400645
0.7176458954875903
0.32109726861839716
0.16614549168224457
0.7817009128949004
0.5555809114463235
0.9913826575956431
0.37675505601345316
0.613730223538395
0.19310723799639518
0.5698567994240687
0.8817382575031665
0.18205919064400655
0.9470958712123541
0.7491397535656799
0.5948271535504824
0.022629141594349034
0.35360818822425555
0.8925497055164897
0.8253839029948207
0.06648418447889815
0.37132151291255955
0.23702145694790255
0.3509646417110841
0.361427943977524
0.5082694796775024
0.7135922589305911
0.34812053040039337
0.9201824253439324
0.9429181825360273
0.4117901520565953
0.03560302319571895
0.2312563267557437
0.7416888761854131
0.20026260294446208
0.1365869352141279
0.18471447875746771
0.8277071314331776
0.994164692454288
0.3909046644512013
0.02002885446683511
0.24594911355081672
0.08884099909628917
0.838092525824739
0.4643564539751962
0.9997021396740752
0.9643832452195239
0.4549846360121971
0.8517080471834974
0.29068311465824737
0.9379527573967227
0.5879853539529081
0.5088300794926783
0.22465262824721133
0.1285216586339898
0.09237038537889442
0.8111382100521937
0.5434416371238141
0.7006226599350498
0.88135229204311
0.5828395952692736
0.9442919499302018
0.8425683962507099
0.44868722075424805
0.7272127249363799
0.6325613378214392
0.549157491474508
0.7252215338869393
0.34250280033598657
0.9239692530765096
0.5969458316503156
0.9929697984494184
0.05793586183900512
0.23920003843472093
0.7262506749789496
0.12938610165694053
0.989491447658
0.1639398654815546
0.8367795348152601
0.3519264764662433
