0.02880175395498219
0.13311404852767084
0.02020440645391286
0.8681582047971579
0.01765384215851329
0.37037897625926375
0.8093239283416331
0.25919930787524725
0.9753944198332485
0.7630985218712357
0.2296276316898217
0.25758707543760984
0.0016428391395086894
0.035624370427568164
0.817670992177387
0.5428175004947439
0.0597574708792189
0.43966515996709654
0.4361871661005363
0.6759508564390888
0.15688750775665405
0.3921442371478744
0.11131945800117982
0.01896765588441407
0.6075703766420887
0.9552836166543062
0.6747794831300868
0.7073736254087648
0.9768348339653099
0.7158581666196145
0.3497663916055702
0.9193898857858239
0.9660257875083719
0.5815391486134629
0.6626756273886192
0.967470021721577
0.7939520049687963
0.15118703055521976
0.14370629256374434
0.10741669648207397
0.21572734201898203
0.3742746624115587
0.9406230588902771
0.6102629504201605
0.3944972781133552
0.856723168233
0.6025167372594129
0.07462934242123609
0.8717866409592763
0.25173261112105494
0.16596737716055443
0.7427247696558948
0.7993573695466124
0.19708290700640874
0.8331733987761368
0.3414446910349128
0.9876093430528162
0.6668389274660899
0.6873328928451206
0.4309175503761803
0.4441386577789478
0.0877810650020786
0.864308632419208
0.774774783197609
0.23764849738487914
0.0561287033610357
0.9727932110664264
0.7031720508087529
0.4669369553205206
0.183061280114296
0.8083008024108989
0.5864735723091606
0.4168686203630241
0.7547750320000848
0.2557642302621016
0.19718255656094685
0.45292611975875896
0.19029825187245808
0.7111216518696034
0.04495100710812239
0.5290120908816441
0.2527084694476277
0.4710883110753201
0.9070372397596299
0.11925491318693093
0.5117378248640434
0.7247390431414036
0.21423663044259322
0.4296997676732939
0.8118660517202373
0.579324900405445
0.8640945444501706
0.9304169238392931
0.5896319837079524
0.33464316160978924
0.16132933973159957
0.5738645733740484
0.32418632043681817
0.6615352264645505
0.6487156377019818
