0.8873176858706661
0.04465924305415514
0.8269585344381001
0.719487320002603
0.6051480405956386
0.21839050966763995
0.5931035018206391
0.3645807952182546
0.9627848660087734
0.4154323921319135
0.9212738696931172
0.287124338663691
0.08524523950986373
0.11589216937825841
0.6701714448775365
0.06036473635890238
0.8897465054196072
0.993069634812991
0.07540194864488958
0.7317232900507642
0.2182382661516028
0.28643479993536103
0.28462579286190615
0.6735763060296994
0.5245694406607699
0.6274253236454389
0.8947317395207891
0.6024629619465253
0.2755477956608702
0.8007913160282102
0.38068936740754644
0.5923940792036562
0.28934754077670777
0.648701940776256
0.052030932150711195
0.8510587001414764
0.7201721710933517
0.8957914949519427
0.5584587696892318
0.5877633928273374
0.665746660147764
0.5438751646057843
0.004074304177430155
0.5979486487207668
0.2671041512136131
0.2897740401168398
0.3296870603532286
0.7889292912271471
0.424805857055655
0.0674882267230541
0.7122082970896461
0.8250760791822177
0.3867362879543086
0.16738754665358468
0.16076366872724002
0.7082760984766432
0.5007930685582485
0.002101142277449508
0.7049599726467425
0.1386568930611175
0.39374887408969494
0.9258586636474576
0.09438197652707447
0.904700395068802
0.28300674421393257
0.9962855234498011
0.3902123404338602
0.6285760574520461
0.4417825770179771
0.4883895279213837
0.34646834139215255
0.5656270942923464
0.6636574035910767
0.4057839474353022
0.4836997851069945
0.5420225569384665
0.41715714001383764
0.6401531967750883
0.4598644100175032
0.1429430755693153
0.46640192073829034
0.17176002212364272
0.48542791920847683
0.3085314273846854
0.32668754961919233
0.32744455304448894
0.9169777212129289
0.3979878672839149
0.6343659639490076
0.5139094759293622
0.4377509969523923
0.26096229498013956
0.04393699526098771
0.5995469442954474
0.5496305982697244
0.15138640677080129
0.6146232023171696
0.842623216249038
0.12136799757188255
0.1443505892984105
