0.6711713262797262
0.9950503734236169
0.5678615224051741
0.6903577328075452
0.6939184872138334
0.3170487287964906
0.7509149848463705
0.4747085908802242
0.7617238984864296
0.4196763475583686
0.3188067234459664
0.7012744545803149
0.6090727153701252
0.5806024192639557
0.8644151925007271
0.19471295250318188
0.21190382778273087
0.8868603266213011
0.38345833369360305
0.7095478501723916
0.7742643128049955
0.15114143542725944
0.45196437307493964
0.46959109402320165
0.18558296802290697
0.8790141007166614
0.4602253668402414
0.2655774670445219
0.8035953033375461
0.6252947361253424
0.6075568503232573
0.23317123475092172
0.8638420728472509
0.23311553678207975
0.8636485169630914
0.0969920907737688
0.11295973137644688
0.6195761370020693
0.45104953351237353
0.10860461998000226
0.7869878287946726
0.7897808701244236
0.34457850816183144
0.8572434726946446
0.9643785747886608
0.8627709449348937
0.2914773314561093
0.6158749739838698
0.14823638486958746
0.3060148932226031
0.3839735238159523
0.1931795004704706
0.3153193141446088
0.2180662261992924
0.23064528690190012
0.7564828566291809
0.4914812627777839
0.5686203512434385
0.47721434514517536
0.3774117989646403
0.9448762997235555
0.7211201533332391
0.6294938856392498
0.25055505983104476
0.6581297052387404
0.31289522462995323
0.02554813431230729
0.3457934004146035
0.3454635253499866
0.9191276577291512
0.6096392371265441
0.0958419071190989
0.11757439401932401
0.8886784224835875
0.1538212421697317
0.6900340499397989
0.8123833958522242
0.02150397919127356
0.7957754456396307
0.7167789092562865
0.684858009254204
0.21074525316598713
0.038902458694830444
0.8893417627993219
0.9472075207315444
0.5677848532265536
0.688090113820876
0.0005561509158785727
0.9649860895905635
0.12903963745323743
0.9498691509961688
0.2912754906972941
0.5121640388877781
0.3523419276621982
0.05070699343412055
0.5815427962786008
0.940289376945731
0.022238546565877204
0.9806781928736277
0.4596800475642311
