0.2416748363402672
0.6458040042427311
0.08451162803848733
0.12053585696400448
0.477671873582983
0.5624568040123978
0.8940477208654056
0.826950658193906
0.009351687605236969
0.2728309486440399
0.7264537408200354
0.8414734607397014
0.4620129412641074
0.7951793220479022
0.06443510405238084
0.38237645791001784
0.7270282298804254
0.07060327347184048
0.749393156745189
0.07814513427520586
0.047449888708695154
0.8919751049688079
0.8352916664957759
0.6740163034404643
0.7430119488483466
0.22118165124880018
0.7376484047093518
0.4646412558056583
0.7873738250644788
0.38268884963990346
0.5526060886911104
0.0358969669531235
0.424924873230626
0.8672346103159017
0.5087307912840802
0.9506982827328941
0.04879344635826066
0.2454154255461929
0.14432592041044623
0.5555091754641
0.9139687429595736
0.37803525291355256
0.7945606790073289
0.3876770070604322
0.9522669786573423
0.42570338323373813
0.35141143119110974
0.42068918564364033
0.12225874632324785
0.7363543836976217
0.8263517559781651
0.5711060021484644
0.782706300962645
0.22610371921794248
0.3461497427581588
0.2805655782315758
0.7168975916473144
0.853296053137647
0.5137313952601026
0.7537245550181311
0.16086594783099306
0.5710504037601437
0.4086480234951574
0.9145035376641174
0.7606859043899107
0.9242189732773753
0.3822853328794966
0.7287502198093238
0.8353408407424645
0.985251479389862
0.28720796728001274
0.3801185624731963
0.49294302746132745
0.3045626472623212
0.5192720316050405
0.2676647342098777
0.02227454748246216
0.5741602872408587
0.4729282066856523
0.40959464874074647
0.8964827240942136
0.05501938000221773
0.2071085118998972
0.45980672902426434
0.9312234904023019
0.4572146975292771
0.5654711685880349
0.13592264328609338
0.06144761120109832
0.9211999963596288
0.695963418939194
0.9128660450070044
0.8659732188279387
0.14686700541222886
0.9575693027677148
0.43663758331313396
0.7285709802071499
0.8290827268200263
0.0941454804319144
0.5353433689012848
