0.964790920242093
0.84561542005978
0.14609979379060523
0.7292264711602924
0.8238659889757971
0.2669344869447824
0.6416260989706895
0.22065688227254965
0.6517902475171499
0.9481021260323584
0.13629909344222235
0.00444389011165891
0.2516565230442779
0.08037370809254352
0.9845121250189688
0.6082304876191218
0.24239191462356113
0.2174124407785687
0.381107277788727
0.8834626282641921
0.7914858546770063
0.1365337345910771
0.10397205744018412
0.007639560754863051
0.20803222583385306
0.847874647179446
0.8567827798784071
0.9917179303582191
0.7976023438459898
0.22772944241586845
0.3087338137832686
0.2264173215779265
0.9057020456808013
0.2536711020585576
0.6698139660188538
0.7487468583920821
0.16977017439600794
0.3748016567486364
0.9042945202641308
0.2448739439516805
0.20968294422145628
0.8161876870342107
0.28009549904648645
0.13001761985368254
0.34591523486590414
0.8959118924328411
0.30472614087136674
0.8107473138251653
0.31272762360124207
0.5517956428000044
0.7477978149307137
0.30421102532398214
0.6014083670553568
0.27952323151750835
0.13491405669537515
0.24760027407177532
0.8341619924983499
0.6397684897501826
0.02030876970866813
0.20300684076860775
0.962352929252358
0.9297404962492677
0.09263954292041876
0.8281694319084126
0.5992985424199414
0.6400199747761718
0.5687937647932036
0.6825727792065753
0.11798750166640926
0.5519011688167792
0.3598603804948577
0.3026418447033611
0.9619692102729545
0.8841919442523687
0.5112020611189164
0.4194888343539843
0.4968329037292847
0.9698137401349951
0.697522226828193
0.20581289059552144
0.7182347327597342
0.9373957194699046
0.9840587486622313
0.1915929512908019
0.7423903699869583
0.9272129946521026
0.18838698845169166
0.28123793402609254
0.6397456628359571
0.12173369563052905
0.8363422237722844
0.29167206351680897
0.8799163385336712
0.8810472336727575
0.2005259479188426
0.061194106062282816
0.7081984968267734
0.6848631570122072
0.14477764227288148
0.28984925134393524
