0.8712178605091601
0.2676351800091168
0.22729352047522866
0.4546894903581752
0.373326846966084
0.08172452734231239
0.721654744208789
0.289234273568282
0.9513601089251678
0.021083810424033622
0.9839840744943689
0.15937191251645277
0.4341435180925688
0.6944850058391667
0.6289434109008214
0.8254876111205154
0.6201795512670196
0.29754449582045717
0.8517511610983907
0.805406065240035
0.4401936928618284
0.6418569815500924
0.42057687425826806
0.6860910175336206
0.7499339898339747
0.6677084025013372
0.8832250623184907
0.7199130990324069
0.08442072917098542
0.22291509961163314
0.8542834631321494
0.10807609166400634
0.49530706872526276
0.4444136443500788
0.5417988269294816
0.597602146565459
0.9345911604933403
0.08527020251067963
0.9772302928532791
0.037308744423201756
0.3388719820665568
0.10397203484943018
0.3564287224415402
0.04762054748248534
0.7568298334379904
0.30258666264965084
0.16648172449832954
0.9488868807298284
0.8301853022309124
0.023290633946210892
0.9653639566230204
0.6812311675456655
0.7583373313752662
0.6143751579239639
0.16154489235241654
0.7678877637256246
0.543829217289291
0.1614173797095514
0.1970594244302416
0.7225113496958155
0.3985245662160881
0.1535857007216067
0.5671441242666089
0.662409679758127
0.9289206622154831
0.019252749335280428
0.8488578270167259
0.1206573732231192
0.23954839656928772
0.10765445407187946
0.934703399459625
0.41294203436772103
0.06560939725734649
0.2552467598090191
0.30808625979749993
0.4951590985069326
0.9090664212794238
0.044356286534607325
0.586195412198834
0.08631230247484012
0.07991886143574678
0.4108448147827144
0.3790901089124492
0.27265305225075287
0.9270221831001074
0.21816865746227332
0.09090028610280854
0.8581486117979655
0.8891236134626569
0.8776466135765433
0.7844331114566698
0.6810967915470157
0.2243980523212411
0.9939530346207532
0.25464054493056465
0.8495993466862939
0.4010066223983326
0.10010306903265986
0.8088727690503066
0.09384349051961016
