0.39439289996305105
0.357455596473395
0.12740287704835707
0.27797057270782544
0.4662651406727504
0.7853332673598178
0.13110049637434262
0.9157716125252461
0.9490086738799844
0.32544397718005824
0.7164642831143668
0.622684998957359
0.4205084520062988
0.6501332130928185
0.18493902418223218
0.28848374364160867
0.28636942214589733
0.7348566925579072
0.17280905983466488
0.9082611804309975
0.9764212445179191
0.7081551658355756
0.6290837749313499
0.5588405999840927
0.7702426725252165
0.41648446343607604
0.2180338464070356
0.7382527238265106
0.3748954538518092
0.24790638996459846
0.0025043401477414795
0.6095981475932408
0.19894072201785373
0.7138710388433679
0.037267316196844646
0.8993036248264451
0.33500932749008694
0.012255363758816973
0.13281901926590722
0.27876604337462796
0.013496255820619862
0.7196629814073707
0.311047463458618
0.10603503881832754
0.09601773259830959
0.9970053599987229
0.999604813899867
0.8321811302374104
0.6805774208238139
0.03659530198785299
0.5619023365541206
0.3478217594945391
0.14223186511175068
0.3502561796214855
0.7492410669484734
0.5417359126654795
0.8998258154183424
0.9748216326548187
0.954331133466269
0.1955926667958694
0.10992623743421881
0.5875003988057439
0.14872230880435044
0.028939371592324625
0.48261399629856316
0.5405514046039192
0.7444117998339214
0.8799083159496562
0.4696889528936752
0.9902816729653113
0.18761520673899812
0.01904926132968887
0.06688507460178761
0.6419030680159515
0.3295531433624682
0.8429453228874653
0.27784460592569504
0.027288201132911416
0.17637689388471078
0.07573998709489871
0.16578062362979362
0.3576575121157043
0.6003137319062053
0.9848414639968707
0.9544657477895858
0.4243149835960782
0.2199839929164622
0.6609119407596897
0.8269165500524631
0.016510167438578915
0.30127769096466317
0.8527329164996347
0.5206398397303842
0.38228886948822816
0.16719257359759543
0.14685989834846747
0.9605810818677394
0.277562586273409
0.2654731363924582
0.8432663867831018
