0.44750807636744105
0.5543254283252582
0.19328595254588155
0.30921382535803743
0.7802053852071723
0.790008948206194
0.12962321919140873
0.4613231779107876
0.7744055758478869
0.3663067449708689
0.5277246840227113
0.5424787305184707
0.32972547258594886
0.3313669087977481
0.004606730353611255
0.9537283609756932
0.14716072207725983
0.11724960397270046
0.14953933832065758
0.25359419175193443
0.30267833320501625
0.8050232976592067
0.9620759258635886
0.24954747705743396
0.9958649832134627
0.4849554698963613
0.8663937560490244
0.6192494805329352
0.1314158318964712
0.9553665708997039
0.7763285756454102
0.5781580200626348
0.9373683538759224
0.6342825733782077
0.8769608568919804
0.9092880408650609
0.3184529409814193
0.3842181500788501
0.6340682482485356
0.9268577281925598
0.21572184296557873
0.7781596978849225
0.10014438083246557
0.01264475730962289
0.27539160474812463
0.0781525864042023
0.5895819903811393
0.2004669180418872
0.8008009082499302
0.008724078037361416
0.17945785669812453
0.7450693082714963
0.19205425043693136
0.9253312554815674
0.6492663259880131
0.4863737913373768
0.706306210998612
0.26885021711223067
0.9954272012593753
0.986690933232074
0.12584528070509038
0.24716268322104973
0.2717606638082405
0.5159767379702854
0.8171520951185675
0.4476604128570415
0.7401117562795282
0.8216914027217688
0.34673670444881044
0.6377955391849931
0.054489552575804456
0.09023534580709791
0.015148366348298414
0.04029841445596549
0.4618828166304435
0.10145011179439112
0.8256134331383355
0.8830328755442565
0.010058580863683497
0.5300677797222675
0.11858633384927053
0.392372838015983
0.92621087642902
0.7029352330520722
0.4903256995330104
0.46216221573022753
0.3699074090568263
0.5610431046947004
0.42049486610854603
0.6780999829800827
0.8622934769279336
0.41209151006663247
0.7407950605808971
0.24997149890174675
0.6840624608352813
0.3911510289079052
0.8163085298326609
0.6389082987362897
0.16351195371022642
0.5489572831106251
