0.7214510339152558
0.9032495835508503
0.5024642107933676
0.5584033862625197
0.40910584903225977
0.2733296526519333
0.9397660138101348
0.8345125619550393
0.6110273470338324
0.7953460597692343
0.11402876642552906
0.850194320857181
0.7779818912318126
0.5709904907429042
0.008771593169670022
0.737233252070819
0.15579735019119456
0.36364868327314925
0.9338998203805831
0.876429583933349
0.7323446085924915
0.45671741715658176
0.19477125195313272
0.6123644540951705
0.9975271165753556
0.3952289507679536
0.11685686931881722
0.4050665778120628
0.8627534846645926
0.5689491196797135
0.15750023005341152
0.0596701515880379
0.006431752472911945
0.7561676523891598
0.7647603519431879
0.38137557580092285
0.8033788770925854
0.7776004110995999
0.5326841257217083
0.14122317824456143
0.09598889623054152
0.3304797598211786
0.4165413937400848
0.7830596298948884
0.6348543964535004
0.07546527453792828
0.3436424761719502
0.0922091400791849
0.5726020961905385
0.18766777267406753
0.12078737524330296
0.5499487746256554
0.9944913508239331
0.6004295021363307
0.5605097435607995
0.2781094560784927
0.721095568952069
0.8027028516637106
0.9748067936411278
0.13068817812578193
0.15857797225660908
0.5779887776792698
0.643252336684801
0.7828651176895158
0.7213251579576354
0.7556986559919776
0.35465619486882805
0.7310748110326007
0.7790025032752217
0.5964329393571856
0.8222167626787913
0.7132769563228493
0.886367942551687
0.15778708678408915
0.08707234672188213
0.15595596420939128
0.03822582334441604
0.4546195744008724
0.8836728086424533
0.040692554575138096
0.9541753452375801
0.43200785635087624
0.15307987779617527
0.09759341371304597
0.8992521554239195
0.9603776763233014
0.24063872362848626
0.48672139194185393
0.6574662392482469
0.8144015349018913
0.37017297773989954
0.8603780253497224
0.6183243967825448
0.14742599929685984
0.886466655041654
0.286528528336214
0.32713642131790854
0.19889790531671092
0.6886723435953007
0.39271070953700893
