0.6902991432039497
0.7670744042545243
0.6896432139972666
0.9137344713450342
0.7238654173173596
0.8857505384127526
0.6661961425917258
0.25493083704987785
0.20602091673175738
0.6669019111123728
0.6572402485502373
0.9684783594100267
0.9456404039752476
0.2109021819456366
0.8413771772638442
0.5126004679715987
0.04114176360353772
0.18915794619792192
0.7901592100509537
0.19835067542364937
0.2920675694826449
0.3986602843754208
0.5828089386227746
0.6505695483375696
0.3066811127480692
0.7139600874865976
0.2897845468642911
0.39985038635621173
0.36675932360595886
0.8862737366704583
0.7624933577260383
0.3511137108145371
0.5884717083922377
0.5591887883312481
0.25829980117411955
0.40109417041054174
0.3167647798429509
0.6424756492604887
0.08436670156533121
0.13420112664877315
0.016962836405189252
0.3551816794507995
0.47492968169655503
0.5482067912797598
0.9478142783597132
0.9965348436349105
0.25092491563733677
0.8977723153784772
0.4084268728200916
0.8187855158315315
0.3513396136927873
0.5925140527782758
0.2696560601389504
0.8265739729596879
0.27173575600948174
0.09917125916141245
0.49419871401148274
0.9470388265731696
0.1119060845171923
0.4911043530594146
0.72516466410738
0.22562949993935089
0.8334265820202191
0.4564826007784336
0.7385408645396848
0.7059677977020767
0.9760727981417137
0.6165019743855519
0.14666230439941186
0.6076260299545895
0.17802412283942326
0.9823744920137281
0.4052271189917297
0.45118506346050113
0.5419958805147639
0.9052700107374327
0.28590520266998865
0.5090043171075656
0.38282258765374266
0.8628764155471436
0.4496093686304914
0.23752664697981196
0.9569983687381188
0.23513360870004973
0.7029609135731939
0.17879863063580592
0.786367843145223
0.9292468864853544
0.9035043841299032
0.5190872849332778
0.2076708316332726
0.9712460028982076
0.9286865498928046
0.26759761083320055
0.9636128602508273
0.8059454917969221
0.021141478641010458
0.06945911755655998
0.34526971726237976
0.6131181165769938
