0.4673907786011662
0.21441317016645378
0.7724498751211103
0.7544106808499791
0.5694165933290628
0.12432019744233325
0.7454243754407858
0.2648932400103233
0.06089946877852148
0.8892448042853336
0.9020334180076526
0.07751762722621491
0.6176166390359081
0.5241713317384243
0.12797988431071095
0.8835926471307669
0.033700436657649324
0.3555780046240553
0.359895015637973
0.40961687365184385
0.9177854811318621
0.33355330509704084
0.46163918364493295
0.009876381420142799
0.4468506329445122
0.45548705118932853
0.559327734260377
0.06079995178831066
0.4841197023188064
0.513035271715059
0.7457422925819613
0.20400693991062357
0.05315890642758059
0.2739789928038663
0.18348908066155545
0.1772819498663163
0.11276911809478496
0.5617281398695475
0.04462973944909243
0.9510886088412587
0.859500685567603
0.030351445801686805
0.6789358869451527
0.5423295846894987
0.20457778226466206
0.9843588928197228
0.1560692833808075
0.4912975101380598
0.13525979375376096
0.4007734553376796
0.5869166101163497
0.9769265953043212
0.8073509169530252
0.9355834031648992
0.787979831461614
0.6652830813178072
0.5940715527347058
0.19955580468481948
0.14518208917662823
0.016418498689035
0.8359293914905087
0.2651268655830612
0.16813758166857984
0.05591821930395657
0.4248354701404653
0.3805520342575438
0.1588992723972419
0.8640209173635827
0.7750738031499386
0.570082903799618
0.3776470092479104
0.5418661329381566
0.9966436719410866
0.09034795239684512
0.3880460041934396
0.9987181273891932
0.01959385634252253
0.5162957632338223
0.4084922093582737
0.09666345712152624
0.8289196324213859
0.9963859393398632
0.7551005158663191
0.1811695350589979
0.4972620085554723
0.9189907103226249
0.7514315500740948
0.11516492917514543
0.7637113612977868
0.7092161406390631
0.9999250303076966
0.8491860132134198
0.17090794738898962
0.746325017306204
0.9986770702369852
0.055407995161921075
0.15652823163493934
0.9362767891785119
0.953155147162653
0.5553604028925891
