0.3374286122382848
0.5757803118172857
0.12820069284637559
0.8004413692384867
0.4342504104001921
0.481010725349895
0.7493341308546841
0.6150013046098014
0.012921308561856693
0.6460575037239743
0.4494863653736786
0.8620358715792538
0.0009948122468027565
0.31646030655351154
0.23650185761679088
0.9140941098143536
0.9211047582655593
0.07217977435325829
0.033683908891684045
0.37227342995213064
0.6035605830070127
0.43964657237033977
0.6195541864033473
0.8234197834046847
0.8654442217626465
0.858792420268529
0.23544510596367763
0.9231892134339401
0.8468406285953289
0.4384749582428743
0.8823949263340265
0.9513928007045583
0.8616736013703435
0.9682308848725374
0.8747951029440005
0.6017639136265427
0.012721800421050644
0.6079398530926665
0.36819161297683767
0.9375428655978094
0.8553126415911243
0.12084214930910797
0.35009754787836467
0.03514346841311411
0.5927258228034525
0.22157588785740379
0.2257142810235666
0.9425074351649174
0.8920168236895896
0.8495962298879709
0.27856401759514704
0.42519679791252074
0.7365036563473343
0.8236118035171888
0.771186773137801
0.8981747823451582
0.6904734394964025
0.22838640652357567
0.6796372663090969
0.808041689098493
0.7284842669829901
0.07669778790900272
0.9264986731454845
0.5988612426860084
0.9690792968240926
0.5504977416026082
0.09292174773590023
0.5369394266679094
0.06412672405671271
0.30925167361873496
0.8650024335757622
0.5991789318555869
0.5791655363430507
0.5788210606303573
0.7667725450605498
0.01658723715532151
0.3307604314882613
0.08429737392195069
0.9171866873946874
0.9472783799413271
0.4014655670762104
0.048478648426593995
0.46202557923428145
0.3692491281654362
0.48814646443004917
0.9668333230057543
0.07911480213673239
0.3391620878467253
0.26829421388304875
0.32292539986941793
0.23878682728971246
0.3508610943546697
0.08219327331985771
0.7961353583433775
0.19293386480526142
0.05227418614813928
0.7846517644524297
0.7228691504365082
0.46547221163108576
0.7330630929467452
