0.898115384845118
0.1652642944684869
0.6169638717935404
0.33110200446803795
0.08254123144063152
0.5101620053879419
0.2500185512090397
0.5556407044292656
0.06408692078613354
0.881781517215415
0.6912883932581119
0.7263795588436871
0.01800158670536489
0.9356712071342499
0.3641004848436985
0.4800103205897265
0.1099212162256894
0.6786380363720015
0.8723394312029524
0.5957231504967768
0.8433793714086334
0.08173245393484962
0.35101212731857123
0.7913416344123798
0.42405881380614596
0.2081544610051661
0.32960984321583975
0.9791542043805319
0.9761120827506021
0.9159924959472185
0.6464019458679439
0.5725741381833301
0.26167404609461353
0.5457134913354676
0.41202358584255194
0.14312575309781317
0.41372771467901004
0.6769954644030683
0.39266895816142
0.5581962189439009
0.050949765897439825
0.5375078571523085
0.25815556185711586
0.9692051823364283
0.04973192723243536
0.2821820738167429
0.14275477223293753
0.12232272688900503
0.8963786403716185
0.718072251773808
0.9966457070996384
0.8467997074703449
0.2090668542785824
0.9611978370061417
0.13278747030709293
0.5411665778403522
0.26758728652037655
0.9667025226541341
0.1072732473554453
0.0190826991140276
0.06391791386791412
0.242100905871666
0.8064325561067016
0.25703555331759653
0.14083582915647241
0.552799016078263
0.8405657734425109
0.5725617165816083
0.13171294323362792
0.6803323252582224
0.18305893892175917
0.22309813807464052
0.20308412065032921
0.894044774004567
0.8219950316372022
0.5952110176183714
0.27460996478381705
0.7889298181709432
0.35647369355674596
0.12533114425222713
0.9978842460464393
0.38655385756455674
0.20481464301226204
0.41028361361257026
0.18623849817937288
0.425670577900367
0.35279485092364127
0.9780004014291402
0.21989460538915673
0.6043198844032677
0.5602628258757852
0.4583079318520561
0.7697037667806671
0.3962993494427435
0.29460135569588697
0.9032303241260984
0.2100127965921217
0.7711518065548807
0.4311926764294677
0.9398170666554966
