0.16668877658753511
0.6143869532869505
0.8995636800807276
0.8962619108475164
0.2798325575391233
0.12623418794064833
0.6385741513247948
0.09279567034762937
0.906864034509654
0.15902312610517533
0.602749222819142
0.2732814496545217
0.6146811327735124
0.3722792021365251
0.867323226024491
0.780799157282737
0.8913406499965354
0.5165585707726738
0.4362684649773968
0.6623541162772407
0.19156133682206777
0.7740656270973671
0.9818983292400545
0.3009137705965007
0.3056793030051411
0.7959531960977482
0.6010050346508197
0.09445773879199226
0.9717792138349934
0.9450729901725967
0.2342513423121385
0.09982743328693044
0.8005907606811804
0.4750609841291705
0.320964604446329
0.8996431845148547
0.7050842811121615
0.6878896490498846
0.8364722061490065
0.12081439263712834
0.9036076751266995
0.24656711616942817
0.18846428129658077
0.36395165566669196
0.2193323632801929
0.7445913571268664
0.43648013333077673
0.5268716219755073
0.7087075382501135
0.2866217881216415
0.1622897106685144
0.7231261832983533
0.01856660767663698
0.5151740774092344
0.3980436804552169
0.3163112249699035
0.9577725589807845
0.29415863099099226
0.40199893893316596
0.3038216940390537
0.8465829429564757
0.049442422798033125
0.12256897624108576
0.2568032121101709
0.47064210187743694
0.7106526411407164
0.7264285027743709
0.47001697652582164
0.5551881795729116
0.903083774487954
0.19448578265151273
0.1265118765962262
0.22992829981558416
0.8117035651910247
0.02807029012917983
0.1334601040198301
0.39127420533130675
0.29606642548597417
0.4331510345327858
0.7156887488593439
0.5414860874045231
0.3636348194796005
0.8016670163945823
0.00335349595956258
0.7819197300953366
0.059510812659365864
0.6718032288882159
0.39207314654587244
0.6593574795420117
0.7138280240568896
0.07288998965269944
0.47960018583453246
0.3677068601187514
0.5837307288764824
0.36765568421412553
0.43723107706642783
0.5720494195427693
0.6046336906293827
0.8605832577004895
0.25655656409762095
