0.6514753376758962
0.6236346744393334
0.9548736600056369
0.612883828183269
0.3455928528107375
0.45641183512334127
0.538043187796116
0.09887263420875136
0.9656671354981695
0.5826472326115845
0.8565800664876889
0.5620752353908784
0.14665846283081707
0.07949744136730907
0.3618275111579955
0.07731764961678456
0.6164993057798074
0.6882749950170528
0.1628980834429843
0.5734633498872049
0.8619191504658869
0.9440723809312603
0.04052729670823674
0.049788532533420304
0.9707828906562789
0.099462445798986
0.4421552746541535
0.08698432580692006
0.09668759477027733
0.10203581813408291
0.7222108883816297
0.8583228403845874
0.5851156265870419
0.44553037816090324
0.30529504851956235
0.6684933544350748
0.3951164772225103
0.6736293079510091
0.5935231589425792
0.07515085040614211
0.6145126489002367
0.06580233246653266
0.5788869155093483
0.7644868157703705
0.9167167794142393
0.9429923986705239
0.21083472987170593
0.3501024535207464
0.27193268413058236
0.32317913532107057
0.9389115653073288
0.6421657009699454
0.8337959572537531
0.5687169780533119
0.7316369697270999
0.8716594255769201
0.20861487113915722
0.06784534727679903
0.9833674753124709
0.16247641047686412
0.9898112006769781
0.6647084290520202
0.3136423998216754
0.5179417892594668
0.8603128175601655
0.2807807606534851
0.38605823863298194
0.700002883828469
0.41687011772197446
0.18033250772229648
0.20101548196408214
0.01800843828111165
0.3759842609685602
0.04601682002677243
0.7405679954526355
0.5320911090812332
0.9960360150123352
0.48188395463932376
0.6130181180299981
0.4808867426781077
0.08014926513830378
0.9318935058808498
0.5450955818427058
0.2906632695262995
0.7687744448486323
0.07914301313232341
0.042899844626444805
0.6505513107467875
0.985914162430763
0.15474137489128625
0.40008163052211765
0.6535029111583486
0.5650384578011739
0.7550951809106267
0.8314671302447905
0.10429887637371593
0.5845228045808191
0.46706730170107114
0.9231518886878062
0.7092379461386641
