0.21149874536517255
0.8719392499404054
0.621292592467782
0.7582637822705871
0.5361490791986359
0.26875477976327156
0.5803753481437779
0.06340045990546361
0.5496884751769453
0.5308468682507905
0.7845484406259511
0.004090188199300848
0.736289857824512
0.28821468753096346
0.09019789678586576
0.6341475449201807
0.8405385380517799
0.042954866525198865
0.7796101967440053
0.3765808163902957
0.3247947382373437
0.6902352250321909
0.193046918115639
0.4278985356899836
0.5476165806173584
0.9458098590103969
0.7361845777011267
0.12845396894252537
0.7220294678103242
0.6059665382970031
0.5646226674748508
0.8585886111386022
0.9842254655285761
0.5502529592558348
0.9310078384633692
0.4299649247800761
0.5037415504678234
0.4282515404860998
0.14152587315312581
0.22748612494655351
0.02231809150440278
0.30568986271121557
0.9101162383469096
0.7163104907167337
0.48474307394479454
0.603289656698033
0.606970123294298
0.41948966307976876
0.05561762434484796
0.4412448206024452
0.13142178790228543
0.09977953622471947
0.36273862237222354
0.3877414649271238
0.01768228860821397
0.5367625088024988
0.04610776391240967
0.29102482335223834
0.14758182644187945
0.9894597998515351
0.5795891131856901
0.009415607663961434
0.13805516257063855
0.41022035021811065
0.6695893376142283
0.46759598293367866
0.7283815833266496
0.013508600876788401
0.39816560012727786
0.4276760040081746
0.4568153268604318
0.4184984967801765
0.4768051168574806
0.2264798768713241
0.45161356992284774
0.9027497037278572
0.3351608262314927
0.3141817532287049
0.7582459075563277
0.6115907025650413
0.25530496445720785
0.7339009953372463
0.3364890522114258
0.3517667393087598
0.9550455455884387
0.43341313165214157
0.9844980952817137
0.32590144685989786
0.2656335954652731
0.8172385595040804
0.18369933345262923
0.6748860150843919
0.803542154372309
0.986577361645244
0.21211037152937173
0.2261984758109682
0.11010339192392837
0.26189598017409366
0.8070019544959415
0.401961698461216
