0.9498500899827719
0.17432940400943708
0.4528560301892355
0.6587144116026823
0.06227606340937575
0.1510494432300986
0.738854784366023
0.6883058023410041
0.6972516393454865
0.13665627222459342
0.6894549680314501
0.5608029839680815
0.8730213119640984
0.9295262955490294
0.2635734681017008
0.3251824558895997
0.06593574895244536
0.29892162630958674
0.3511683888764866
0.31203578596275117
0.7862597831367718
0.11039090504790239
0.3661699635751482
0.4425044666008682
0.5779401877224628
0.936500263522231
0.12681630896575868
0.7102770364942463
0.8100129507683804
0.1750092472882565
0.8797458912617021
0.3688667416928849
0.6326184720065294
0.21205649588504683
0.5144476990470301
0.6942225301129624
0.43380919785954697
0.7860025093284829
0.3245182566769417
0.2662682601852525
0.498400981384589
0.2697497511381497
0.07869979405382355
0.725693193293825
0.35820159578328403
0.32141737150325544
0.2975002559999941
0.24383997571015426
0.34896037531379087
0.6564862198268852
0.9950873296137916
0.76697836964723
0.17555904238341713
0.5888570127709198
0.9968947052520394
0.4165220865171866
0.9110796601918528
0.9145734688843044
0.4669746677167851
0.6180592070826926
0.3841963372993027
0.9186586321515849
0.14767867009255464
0.8990917638714299
0.6142461862790753
0.3684673015585723
0.17034586978467514
0.6552099843252946
0.9659401235679884
0.9503669112841526
0.6371689415020557
0.11246725475874897
0.15098319680944983
0.7116890328866198
0.6306165831044839
0.38144436697599493
0.8749247898414342
0.9470074568173011
0.11357719370733299
0.3871287287560209
0.11356723661720236
0.66857390972567
0.4386547288704521
0.958968950288634
0.40988124326107245
0.9983797481588921
0.1185458881500634
0.6636113332853522
0.9362944080690663
0.5748303607577806
0.882082625417224
0.5664649682327583
0.6429592856678831
0.0915603135980787
0.5015665288218275
0.7884473508012716
0.9691033329127714
0.5823528977973292
0.14239132700764556
0.7280064268502564
