0.31110240749370843
0.23197026296834689
0.5452771096252272
0.30059838558787233
0.728886650372687
0.12497936003044208
0.27930220699416775
0.9538286012335004
0.5723870513908024
0.23180083811299457
0.8318669096398359
0.9882640746227397
0.22672390843763024
0.10347163491999001
0.5144198089519262
0.9293141995313792
0.5594980453589983
0.6921342905873593
0.06806322167281775
0.36566028130218764
0.4456462231894258
0.9188814383008992
0.4729348826657267
0.28284297542039527
0.359891371050752
0.8614052711180656
0.7892658887333869
0.6342481206497453
0.7956607425027583
0.5562313792104546
0.12023159039459097
0.14691846908734718
0.3920597002921724
0.1583932152170784
0.034274989894970465
0.8876593553059022
0.02503348060158439
0.48900951677037596
0.43916383619123533
0.7985934371709943
0.0349287563167896
0.38946862891878864
0.048061811315710745
0.5592178260334599
0.2036194503907931
0.702023596508067
0.3357780330585264
0.8509322543248675
0.6095266177217382
0.4697453029356853
0.6165295536943863
0.5573623439033558
0.9363283456436512
0.8305293867813047
0.8614215007777313
0.4422770938042532
0.3362694610066299
0.6639061806682339
0.5426238269248893
0.645338527641106
0.4331670097158775
0.7830030750725129
0.06657046025394953
0.36229315579290977
0.14791889298978844
0.599781374872664
0.5795004901152999
0.11167798884886038
0.5596780528776624
0.7899973906600145
0.3466379315053013
0.019329718301334786
0.4845006317360814
0.9905049071779427
0.2774075596090809
0.9520902183302157
0.09523040765586144
0.9076160807575026
0.33643849522338176
0.35946712036408013
0.6974488061733115
0.551155300659073
0.8357960003987451
0.5591629225931435
0.03751195856166145
0.7920199618779185
0.6633436159628907
0.18169766054893233
0.1293478923421344
0.09612770640852097
0.04720969110061235
0.4327151829329621
0.9249977031210724
0.7255652949756085
0.9319313668049316
0.853683728755001
0.7486793448350257
0.4119277135213838
0.3364580459557819
0.9814869064634585
