0.47643626982976617
0.2709856268187656
0.0756105663077794
0.6536234481348688
0.8603327977519607
0.06897560364893252
0.6566442116867567
0.4341779644610638
0.6605049039755417
0.894651437584867
0.11994318402072268
0.07799325711570881
0.8228462313030911
0.580181625613407
0.48153983117499677
0.7245422511339501
0.5122166059905332
0.5891854750496681
0.8969958970071116
0.2585718156563588
0.7276038076665565
0.8498574197567442
0.20070905834145847
0.18378448972956674
0.5666488452592474
0.2988325559809625
0.5572760651777284
0.7878319044369112
0.869158936123676
0.3708148819214261
0.48032075087641946
0.645506890267238
0.4726539926400002
0.17383327713659003
0.9768139936690917
0.6183722719993311
0.079751374629635
0.1006534885829452
0.5341172649673882
0.7578764476981594
0.007488181288200502
0.07250234940902267
0.03661260726698168
0.4217247620540907
0.0048408037143296
0.42242347830866256
0.2652557700492464
0.09458618401665642
0.6598080701107728
0.8418997325364233
0.31432092332784733
0.140196758717552
0.9066451892999723
0.2517814973002417
0.8376590025311377
0.4051285055278244
0.7985222197014369
0.4629733345443259
0.4385860043792439
0.04455083836982121
0.7862356267253197
0.6019860788480258
0.6446385834722214
0.1081721211461687
0.03914216106875834
0.21351802185265345
0.6273251425191844
0.46857135630733804
0.3824149172829132
0.20875841334712364
0.4608049122730544
0.8470191008580767
0.08238353173484536
0.4552911649764202
0.8181926261859706
0.19642687492953137
0.16432818485686573
0.12898939845735768
0.08613653593526083
0.5257664118167028
0.007136469580661942
0.06326171019431981
0.2130702721864619
0.300045224917847
0.4693961009352715
0.8573150345551146
0.0699248326968227
0.43205466377889146
0.8189841051480151
0.28942101333642956
0.8579409027047099
0.41185587651449496
0.3621960692849058
0.7865579157203816
0.008409745368121113
0.6908131289876234
0.7705322114701783
0.06218163746973482
0.3240596417692505
0.30089096100128976
