0.39714875285315576
0.818012587469625
0.39225855672189436
0.41322337995960934
0.06334083578966443
0.03112509819401743
0.7600181438876169
0.445664219396568
0.6465777149365735
0.45672720676859857
0.7081906907658623
0.8689069106130393
0.16255970277156284
0.1114648458160592
0.7829036361011537
0.1736006918111066
0.314474105658733
0.15009779701472525
0.2268336066700689
0.6713429771262106
0.03580422816071749
0.6457082390786684
0.46396353165011683
0.5877382445794955
0.7094774345826873
0.3844789899271731
0.37810280132451435
0.38980041912169994
0.6528614574512733
0.8086393990767456
0.9046574691069997
0.27274373174653044
0.6902420596365453
0.6861325016450652
0.8975503873491757
0.017591903244714713
0.15965063404487911
0.49165185488591523
0.05630009675552383
0.4333294163943645
0.569430820494083
0.00029714556271587256
0.8724168886101995
0.9719085228120958
0.8484279756035277
0.868835521919829
0.6859423927686231
0.3377985608988865
0.3941947444041842
0.26163506789890556
0.21666011707594668
0.4439539787220933
0.3638873525829771
0.7249115951287819
0.5718514767804954
0.2965435146705281
0.023255577042474496
0.8970478873802294
0.6653176727460174
0.5024873062034182
0.5625023368789742
0.7992758370405204
0.6141960775095819
0.7844748045332182
0.6124390813091678
0.46275609307611143
0.41884439664053363
0.013339008528663543
0.737475254502665
0.37139884589267746
0.5130210207442701
0.7677759809132715
0.5919770270552971
0.584266895529552
0.7922826722106802
0.5283765139577548
0.9105565286529993
0.8785947602217197
0.8310146388358397
0.7820241067567122
0.9884724588040074
0.8733277818873808
0.17564331098960284
0.645700856474043
0.4875757585252234
0.7141575812890667
0.9318885686330517
0.6363077758374357
0.36350852704971304
0.3095610493444262
0.46890348387952197
0.5833800987238337
0.37998273771756963
0.43266225092580046
0.4008762433315324
0.29922599767894953
0.7123911902692663
0.5485198808929639
0.1597882993384443
0.2362833141192039
