0.43426396017345426
0.02320846530675369
0.6830738571721249
0.4691621542872185
0.7075108451560584
0.2027185476251806
0.7261815571066734
0.5636149460993201
0.5964297036572865
0.8416091878884402
0.40532936604990644
0.48960379108112806
0.8604920331387254
0.09516968937149184
0.7192038383437093
0.029728550687662114
0.7933289374685006
0.03640783820637283
0.5145308981039282
0.39983300920967113
0.45290072534064885
0.32407847362338993
0.5621517220510526
0.8789582921828607
0.707976910115867
0.7600724081223479
0.672836118393181
0.6185891982204041
0.3028124633426268
0.2807571891128262
0.15619669300479988
0.15586934104436456
0.24384712383333007
0.9201516973438765
0.4681319552974511
0.6897271533830955
0.8753276704338412
0.8357881817540602
0.2604064480678189
0.18083559216293466
0.42833415733897984
0.246381159785793
0.5537322400012427
0.2746949270088699
0.8559375471289568
0.08769439825332481
0.8605019228655307
0.060957529947975875
0.7816268887463985
0.7810386290969441
0.6983687336637324
0.699476901319488
0.34892278799859766
0.018841754550398493
0.6836167879942827
0.8360014297344169
0.2645301677437387
0.30351553631985995
0.5960526505616577
0.15628311282578689
0.04542734441932972
0.9646320639193258
0.4392788829987383
0.5101485065253348
0.23451565010546116
0.5709988494344842
0.3754239607468737
0.09235990789869242
0.19479516258244223
0.5098529493548433
0.29103967397136177
0.8797176861246437
0.7758404532916615
0.8357670062886127
0.0707582397692681
0.145231101542305
0.012487843342396276
0.39448005082162685
0.7618802647289317
0.46259921543527616
0.08736493582835192
0.7814677396710303
0.8491462825656851
0.28185336621881574
0.013484548282603592
0.21833457485385144
0.6507230938706801
0.6259135625070975
0.986402423600754
0.6317775460627719
0.5201383507865819
0.7934561014168809
0.40686064781857934
0.48583609862819555
0.6894238972001142
0.2171582315847741
0.7708372966938855
0.37195066328931725
0.7665704607133603
0.8089021807876385
