0.4802150291911508
0.956407047597017
0.3143424275921053
0.759582693556
0.6896371043427426
0.9797363256492364
0.4730278284513494
0.20026091194462603
0.7981737766641608
0.4140977152235278
0.21768656895442495
0.6402845242450218
0.8988291266695272
0.08960326989883505
0.002396730026317906
0.760884698292392
0.5863819016720393
0.17705635987107382
0.5527147376856997
0.8758802142066263
0.9085193530248186
0.020108232096967882
0.433740432622825
0.15020754887551957
0.603971229878456
0.7117648244754322
0.06636795224429148
0.56689241565017
0.35044034911539634
0.17556852851551408
0.9420405311080915
0.11676767126055276
0.20041749740205528
0.9629264378402601
0.04710711528143541
0.36103418777811724
0.45618187740025085
0.24830698629537795
0.3539108676705486
0.903865594325976
0.9795493649210651
0.9799517787854642
0.8640248260823732
0.37549431878299777
0.05040069556063764
0.5349156085233486
0.5892247697370452
0.0740198666209968
0.47495121388168915
0.11703507314486328
0.368247735098544
0.9066946093646151
0.9613173855016425
0.6005134372394401
0.05071802901901479
0.2490857456213582
0.6696627934829825
0.9432793947901604
0.08941059565473797
0.814628576059549
0.7517167327873074
0.9369608558306927
0.49698363961930736
0.4017404289559967
0.059668628297607884
0.35796068015228255
0.6843183521537572
0.6099616760830735
0.4733770828639261
0.22876376268731569
0.8881840279275497
0.08367180759308723
0.44324307174134026
0.33781311113910517
0.06283483754914754
0.012130378229947114
0.17725333714400027
0.3503157533549519
0.2851910970637621
0.17103574826360157
0.78267670662101
0.3202560735822323
0.46468803433899386
0.30581447177341003
0.491613919554837
0.7909527338509483
0.4372592506798456
0.912952583643435
0.2780685010858466
0.6688639024035558
0.19205481744328867
0.48317839289322406
0.8827522811288565
0.3253791673383588
0.12932506870303861
0.38226581251717084
0.8820677177150071
0.19280811646148066
0.22808981838261566
0.43822831758413483
