0.6984777119451339
0.9620765241027698
0.3914786827086679
0.02790190351239996
0.2927455212994293
0.4190537464406834
0.3626456521475987
0.443908316720001
0.3243762616904451
0.006689828517739027
0.0027740950999214364
0.21802790457591525
0.03141757640484921
0.2965032068759138
0.42812028350715525
0.5152464476580944
0.6757946227177231
0.41236537739217993
0.17016299050710892
0.09103411206672318
0.40091682076076884
0.07306065956460095
0.5381588407540733
0.01927458393721737
0.6534056270700341
0.6911937347837023
0.8636512761755264
0.5890741914583794
0.4729053735170329
0.6524953384120367
0.9101526842950461
0.5784622778572229
0.262905362072715
0.4800165913055695
0.18108458850546882
0.2710198462167348
0.121726450260214
0.40745735698379637
0.6684308547350796
0.4654485967472839
0.30296515020037484
0.5415233759312992
0.5895978136220045
0.08609510461279801
0.8294187596707271
0.29535915307070093
0.10533246019202391
0.8771871985889979
0.02957920644396672
0.7871743770290157
0.07186389163299967
0.7623672930694861
0.7722616631565026
0.5419125685285552
0.46382849201871645
0.7739396125036024
0.44851947594123653
0.7877401643428246
0.2550560564385762
0.27410706459061784
0.8383000742794934
0.14451376413155592
0.6852637212222866
0.37700938034599796
0.48799112988534576
0.23395421306171205
0.16332944367347757
0.24748286320807
0.2101877396940658
0.34309161358033224
0.5033484665342042
0.48276314730737657
0.9206334471140803
0.543798073581348
0.048027222792491164
0.3322134737683714
0.9592171032531089
0.3272403926649642
0.13251427192795706
0.21138626429677865
0.47652055779523417
0.7417482845875041
0.3410954833224348
0.8833985495635328
0.37803693821714446
0.7106724890919729
0.3701580473777988
0.7988085446842946
0.7724281366181525
0.9246056574769781
0.682350584712109
0.13911679147252065
0.4021270648611729
0.46497480448495765
0.4114201815654832
0.2568869376773246
0.5620218308989023
0.46702610405689715
0.6207566474298232
0.34880797966893284
