0.8482452174960887
0.6314319139314919
0.4066394565389695
0.9381602440369748
0.41170610943363106
0.2438698375746503
0.022084872404423583
0.876094162614898
0.7336220533031956
0.4510903671644112
0.7214650304720605
0.6581548235058462
0.7171273126956517
0.6560187967375194
0.6020860381728845
0.3668031174584775
0.34681979208607305
0.08897726667911765
0.18001332834346628
0.597973514098718
0.41173702908487897
0.20833857899998842
0.8984314465881131
0.839089046543286
0.20720473368165016
0.4925508736123936
0.7947815355424825
0.4727651355467779
0.29886770702976717
0.033830823406995725
0.8226647742416868
0.43795581810066364
0.10392605234668839
0.9151670720403553
0.1409439770915445
0.9368467441305591
0.06027261139210671
0.3997162348149461
0.6084942265100377
0.9286399404130039
0.9932966114517595
0.06875689467380275
0.4385273337493143
0.45064839610797514
0.9228756685773997
0.9255354720294031
0.7359104007064249
0.7613486889382797
0.54418449963048
0.552527161820179
0.47207682170575094
0.8774510362627286
0.9345046221604967
0.8168663142926037
0.8439890318071391
0.8537730244738876
0.08399062180788108
0.22032269751426747
0.8937303073770032
0.0559514366458852
0.3754746387578026
0.47941309888637296
0.8801339052357245
0.6693908283843446
0.1367293489001511
0.6011689910305648
0.02412108052949702
0.8761003701341904
0.24619416283488227
0.2161944868501574
0.15709168210792002
0.3822043429659904
0.04171751839641269
0.6127612046594576
0.08623876020353805
0.9617243488999273
0.41945722434316823
0.4100717672588111
0.17692958228209654
0.2767973025316389
0.6678067990607067
0.8176444492844641
0.5926809062579891
0.7622213696597951
0.7576912384330741
0.1294987926862723
0.4452075274721661
0.3153836484055298
0.45716673556396736
0.7165851193542928
0.19305406548035797
0.8499924547256776
0.4769825197708961
0.9125287739325878
0.13996603803553853
0.5986286129854799
0.8606066694438292
0.6362689434346979
0.2967623137410119
0.5610522373342514
