0.8832838368311456
0.38314679819129105
0.3173055605704068
0.5944256011027992
0.24222727208902928
0.11926758133582271
0.55428045624432
0.10961258667085183
0.015504091120584484
0.5276405862987679
0.8581749743066109
0.7515234206097741
0.40919435068536225
0.12694383434563794
0.004444683555470674
0.9202810634066507
0.3561005904154225
0.7035094359591844
0.6934736283939246
0.33403603087442346
0.6552869553621382
0.7399441027035139
0.9764016408486477
0.32058273797595604
0.1936316060327612
0.8703827680749237
0.9403651568071472
0.8493752242212269
0.40268840202229816
0.2344162987391627
0.44044025444983936
0.6619567043205715
0.0021227210274419317
0.5433386884971009
0.30574716138587
0.6148639723284428
0.054262066082067295
0.9680439903467339
0.6823437437675803
0.9762784118367713
0.42182727764310934
0.5338223289048674
0.25012008779922956
0.5309790044484668
0.19957550791430723
0.24124654059300032
0.5107222830989825
0.5599560959967078
0.9291488653571259
0.3352977038593079
0.9547598010544995
0.6780976752999673
0.49189094430977276
0.1100076437383718
0.09339863280984961
0.24478451722504324
0.7368831969539973
0.98515812630509
0.6595936621308853
0.6635590104136406
0.28374897197320825
0.5394992588977395
0.5356633271710405
0.471570230384209
0.07164938192249382
0.8756673057833528
0.4074773692839796
0.2529619436935373
0.39206884347602045
0.7663358859583478
0.6529766446527168
0.5387698243803642
0.9933995694257307
0.10158392118913484
0.6496634341272426
0.24579816630408968
0.05213881144639354
0.8684048647278517
0.19723644118495842
0.2748557907701604
0.5710797936505785
0.9576680250869083
0.42567324290983777
0.3117823047210898
0.37362393301410113
0.5666199988079501
0.04724264275263734
0.3410400538046501
0.622832954032277
0.28367789211734107
0.4563715676860999
0.3586140138580438
0.44133129410009997
0.12278153437178263
0.9423760845906616
0.0783635576725612
0.8801512854676264
0.6533447879396308
0.861910051300382
0.9436500391641556
