0.47441633242648973
0.11396182383192177
0.2256348087807385
0.7017555888746321
0.5017903122189471
0.1552110957359144
0.0184315943246135
0.6166434003464345
0.5179037835747664
0.5984662423259264
0.832062288822751
0.8978918236376784
0.2541180313243987
0.72886219662605
0.3242140146021767
0.5175424075892961
0.4980643507928817
0.11342796402670041
0.31845918333957024
0.07248297658747205
0.1528216100142893
0.2792267624736581
0.6630236348964644
0.08438327957105574
0.6444343889944306
0.5627669718524649
0.2407813614440777
0.904458225158451
0.16753855990749134
0.13293897202737848
0.5043638202918579
0.24014689150184154
0.7163894293746661
0.5983255186402415
0.08397934231398707
0.8191810716112793
0.06981462594967347
0.7161415173681983
0.35130535495747184
0.11527126920547004
0.6149532877189703
0.027942689468980042
0.8832963881621746
0.7960019162087869
0.9269889100001647
0.6014584873635036
0.07995503798658443
0.7496899652351847
0.9257427528043339
0.3336875869641298
0.6303654771386573
0.9186163826326789
0.7581294726718931
0.05987529977169326
0.4404181021585577
0.9069118060204274
0.5359092877389552
0.9143059314884607
0.7214037308286284
0.3526203506616834
0.19875530098512773
0.5359908601144265
0.8001755722442478
0.4195690843812021
0.7415265952278312
0.2113429639833161
0.9953579584088948
0.5104845608285679
0.6564394178912659
0.8521466772350688
0.8336119219767006
0.5479434444494186
0.23720255418449676
0.23659554967774155
0.7477550750965613
0.7608439619262714
0.8060153567246495
0.6631797455502662
0.8788605911700869
0.6313667380786977
0.2521486281950148
0.823994422544072
0.7728208921119374
0.9625414908409098
0.21368584719069939
0.8782212630354446
0.671088074433481
0.4514831669153283
0.17288378936676763
0.22088714614799598
0.5548520697210455
0.11738115876892463
0.16188464644010514
0.003333312128516064
0.12564921408460017
0.819926131995371
0.7706735532706116
0.5960033541487872
0.14882403903854047
0.8181798876229728
