0.6697821214941141
0.4243190525262347
0.7034961011920612
0.8058175771256721
0.24828521471263132
0.6800354487664599
0.6425617652014026
0.03156491777088
0.13384790477153252
0.17721673636920943
0.18747615225437642
0.8345364546201296
0.07448713260805095
0.5852804022242954
0.29653092678125015
0.5837878260428611
0.01853108564717343
0.30842178896938965
0.6899449442316767
0.3373448728513274
0.015783517944576886
0.932652233035854
0.08648935882543052
0.9645800632842265
0.460986617447113
0.9579452935852318
0.7337207601109433
0.39696424954958853
0.7070702418337435
0.4705661200972231
0.07753028291200115
0.7346556168714187
0.15689997652389975
0.9505059123585601
0.7523584704535299
0.06787490724285727
0.28338391331999546
0.471608615780567
0.057871010238289555
0.6430256801128704
0.06038636320449575
0.25033753530392955
0.8653614776513198
0.5474165297863087
0.2634001162518278
0.14399636873191268
0.04649985500335907
0.8561604070840165
0.8816927799759069
0.31099055924150665
0.4443580785918485
0.24042443267120994
0.07216106906671826
0.32526689836544187
0.4900041936797098
0.5261926426586715
0.35628189967971824
0.13593684999878342
0.7058902420951554
0.6380190694131175
0.36314075311054783
0.01939569164024757
0.016586981638728848
0.05097268566705038
0.6295329941378691
0.7905273190525397
0.3499985130373531
0.3936215855485746
0.04507794701939849
0.0075373937804559255
0.9449601540115703
0.7662340702668099
0.8768229363692179
0.90073840963686
0.6893886851178457
0.5647389535380475
0.15772906754606952
0.12383223292507117
0.24774720218291424
0.7971446534426069
0.38590892341770977
0.49243871639659553
0.887858078779329
0.2882357099961611
0.3777361923853253
0.2929885364323632
0.5913117059051471
0.9941552455099093
0.16037301501115298
0.8295789671445418
0.6729053118090286
0.6245027299548992
0.6169329430141353
0.6494818499217265
0.17826640690391182
0.4039746219736947
0.02355333538272464
0.7281980860118414
0.177601886369799
0.4596659680256806
