0.5094921719742737
0.9847989294098772
0.6966579577298201
0.11375446429959768
0.7658504106313223
0.660911086488923
0.6004612904855113
0.5694192215927694
0.2522154593237508
0.916023383228024
0.12766844088920526
0.6077803922006231
0.030658760990149525
0.827866474716647
0.7520263747867453
0.6941275016457864
0.21527202167190507
0.7455777675519684
0.6353510228206399
0.8552240042399262
0.8640996673760427
0.4144099676301872
0.048231150020431324
0.8793087159553037
0.3006633672640251
0.07676860786288475
0.3235394393521027
0.08371700135362037
0.3872248078339807
0.35263649835564603
0.015933815463129997
0.5107397660970294
0.6067025910599368
0.4163113353101492
0.39305029721251694
0.3441738281763158
0.16811773814734376
0.985526038456371
0.33220841522732036
0.39157706147077087
0.7849657346832413
0.19958788703724262
0.6696871577308945
0.839740319338171
0.17104367320342728
0.11686113324487335
0.10909591018943554
0.5702659708458484
0.536887747369509
0.06703993001944064
0.9806158818318532
0.41034898937217124
0.4146491607043339
0.5472447597856361
0.92280159523979
0.6707031796000267
0.6212433060600797
0.5327413069808622
0.8951055176376917
0.2858236310391784
0.3508036301238783
0.000711336667790663
0.747542470975404
0.02948760337863987
0.4592108749071233
0.17552212113052157
0.7378856513987516
0.4917897878847771
0.820871991389331
0.09449522530799292
0.9363957178433772
0.5725164002858177
0.7608210348389516
0.38032925485324376
0.37440306236919674
0.9165228425141951
0.07405320598173182
0.6165874887859345
0.9894310877130781
0.9127478220156897
0.8533227218825199
0.5847111881061839
0.21723962171608058
0.7725719876954827
0.7400864580147338
0.005629754152738808
0.2547883798048487
0.5047710066263693
0.8914088624610846
0.412066439078669
0.9407139374305441
0.10357541125550929
0.12278249532147811
0.9083842765821313
0.4821103154816747
0.24840045195803662
0.46248543275700804
0.8911883346272355
0.8476171902403792
0.951240219037587
