0.3344529834239325
0.6980273350221966
0.5430434002237622
0.9828456587770416
0.21076491511231465
0.3938914742056052
0.3062769439907207
0.3412264973727325
0.655483199450192
0.35377135559602413
0.9366836095797826
0.9034275055462989
0.928520343666866
0.76554947306179
0.9150553887933096
0.4937590226512112
0.07635503958813272
0.04513696482464624
0.755395695893713
0.7468846221605987
0.8805477715678086
0.6033696483544116
0.9334772506478389
0.7438479124279536
0.5750235168567254
0.9972247783913745
0.5549162086496626
0.4992167925879014
0.32917824178056065
0.9289754907889226
0.5674762222127164
0.8290478305651634
0.7078211606522803
0.6648863461879647
0.6346357664948851
0.5401612945827726
0.7274929107835186
0.6514248049483183
0.8893117385590017
0.18703469612323953
0.15256420159049322
0.18231717201424158
0.11258836574156939
0.29880952397251526
0.4445121834515038
0.8083347112964047
0.08665840934567448
0.1949283723554398
0.3515340333145539
0.7624024250705888
0.6565485327641833
0.40590658094195575
0.10188732754530583
0.5310193348968175
0.9366310053788408
0.6691306697574487
0.23314431382897916
0.11825353788706805
0.7956708583593565
0.005448893145454159
0.19004294151192902
0.1763127853656411
0.6792442628890362
0.15543320712316788
0.3830993995017944
0.9344311927436105
0.6570326049497991
0.5399978757927013
0.1952328451071801
0.18608669877366757
0.11734378109413146
0.23412620757010316
0.7551924731703991
0.44222572170097896
0.822968667570483
0.27940150249679163
0.9745472242271607
0.11258495855773087
0.7803243678111761
0.7007799801318061
0.5445244963332404
0.7661511238010689
0.6241927860736227
0.9094625689087605
0.3487538806675681
0.9664448530934537
0.36757465574104176
0.8974717062056511
0.20158416303199478
0.7701642234430867
0.0936905862479509
0.2257986940387947
0.5784901479682178
0.04597994078011958
0.9439720311360565
0.4329210748343242
0.5641207606845094
0.4988626463772263
0.653557730305791
0.33057886516015844
