0.4405911319174255
0.10529141053484359
0.3738650357284048
0.7951818196954804
0.9937881729457254
0.23079182962020006
0.8443125107899201
0.7299366298804381
0.07556037978497943
0.32402460901758257
0.8101926469495513
0.8023508075194878
0.5283045935719592
0.5202317031089064
0.0840888552170429
0.18320939373619838
0.7348627506167841
0.4421236019467599
0.13863519970585603
0.49969254894055104
0.36795890140621634
0.37652822720116275
0.8498096805277764
0.8988465365288745
0.5649791329003357
0.6586287865028052
0.35965041277384646
0.26637527102268654
0.663507589908273
0.7106620044021149
0.3072369534076831
0.6617764983384367
0.22326279288208584
0.5511467533153537
0.3548096994820671
0.9134415864443777
0.6086423393717424
0.23985481276956377
0.33072155494751576
0.8410301494514758
0.9364116882174945
0.10436753671108578
0.37504809044355747
0.4292972511785105
0.7180083276437127
0.14553622576255465
0.008840532628238362
0.4728651492690569
0.17736812764467136
0.8381432321133161
0.2517308788119479
0.21854100472795945
0.41627983781617794
0.46652788342460116
0.17728715101845005
0.9028509900217345
0.7470386843148864
0.14041987454848248
0.1037109289966518
0.4463359768934346
0.6248711540458687
0.9090538431035442
0.35854657930043254
0.6251847482091596
0.4751923528201246
0.3793807372325143
0.782078479182934
0.3504449216626856
0.8841478412078192
0.9120799233617752
0.06918370851866762
0.21971764424151552
0.4898773714972383
0.9702254463646574
0.5580843349118852
0.2846045135618458
0.18725731902490506
0.5941345670791379
0.26717535941546444
0.9372304649759257
0.7616015467256114
0.7741768426731651
0.4635134493130233
0.9137038924310764
0.4206381553551862
0.770804197066989
0.05432621720330666
0.9175330254475315
0.45956802286220455
0.0023062844924903736
0.3942763082160218
0.9179254548370032
0.18527416031563104
0.9599102538078005
0.6716682148021104
0.907681508390128
0.16220409164626903
0.014826100426375777
0.51355567044667
0.852995332041978
