0.3122247381052411
0.092910114005062
0.7199023704744856
0.025180308564914156
0.39424876165625
0.3872294901310923
0.9244955938154306
0.6533266048922596
0.025783601414208435
0.07926660141326702
0.28865612614788727
0.461278050465597
0.5308053686934973
0.7170010100891901
0.6974465186695981
0.7766192140192336
0.672521323783394
0.5533527309440673
0.6612343809688324
0.9472654591018927
0.07319319774975175
0.2194876620786994
0.6205441688628183
0.6725675457549228
0.25415273840131225
0.7402365600794064
0.3563321996249518
0.27835135403788014
0.8757855924927919
0.908523569246721
0.529177797299235
0.36490901413628574
0.06095624721797521
0.3162119430652952
0.10076015873918276
0.24846510454283788
0.4670877603707988
0.5602526502393366
0.7896843418640611
0.31797460072609285
0.28063931216129956
0.7208152649995104
0.9456445735629367
0.48594765698751896
0.44128249495494143
0.005783096808118837
0.8371148474001099
0.41476140450687593
0.6165397607583829
0.8880862179395179
0.2481340634591115
0.18543812521889635
0.2985854155137515
0.5081853755041799
0.7399934275891468
0.03556275061134628
0.7598648856429593
0.9947267241220006
0.6608219780417939
0.39107001228228766
0.49481665805536046
0.15175824567651774
0.2663083505859568
0.45573901921450977
0.5080997948334548
0.4307739460268918
0.6158424876590968
0.3760326412598003
0.193415304206926
0.3210018942069711
0.8737710392259596
0.20483517251210748
0.19487931434638928
0.5809458460624873
0.3314899254729762
0.42039855391785697
0.7259582463884592
0.20165639328195406
0.8222673795098911
0.21979672187951893
0.5090122745247878
0.03241937409383222
0.08636840739625307
0.9032269316303553
0.023146933222545796
0.03973038007539209
0.9200275504000662
0.9191084733842207
0.9242423006020858
0.20369666780417062
0.6933045356021084
0.8606694258029776
0.46724642299671115
0.5908306372080778
0.7127972017682029
0.7960240707790847
0.7158657179615708
0.6961378815672874
0.8890088826948307
0.4359316578178093
