0.5161500080444499
0.8260792984725229
0.5721487373583971
0.599295631388765
0.36387758618130395
0.4733358806586764
0.25384438126021425
0.6793806911331792
0.016554625893399066
0.2512443539498279
0.1596798770644381
0.2417777334144251
0.43355132385094763
0.3276365240493013
0.741794575743116
0.16675088776020153
0.3263593045434142
0.13645262805600122
0.8708621126355609
0.35908872002814995
0.9512716795522043
0.956253101188809
0.1820532957132487
0.5630991592466617
0.23666372812376368
0.2103104045750136
0.7961101235093504
0.010184398346955614
0.7625018599564501
0.4158810711861378
0.5814285890221387
0.5635296659481375
0.4837450292155383
0.008227294683485264
0.206477524108441
0.789901624774003
0.1345734331434283
0.9457866214108908
0.24402815846957482
0.20662344054727222
0.6162160058779149
0.6020056230656579
0.7031495376200175
0.18202821025363602
0.08006398454105834
0.6845383169493656
0.9434452658726685
0.6398395058816921
0.16832938069654269
0.8961690468099994
0.029158616060535825
0.3315169243666569
0.04651030427691338
0.24263312373431767
0.9465296138993538
0.4197810732001339
0.11698283138641485
0.7009150357778289
0.7123261719495603
0.7788042026947766
0.24126040864236575
0.528702468025759
0.5746811702810214
0.20212984541519852
0.3390005964566639
0.7230917585710642
0.7831533945401259
0.8968795846952521
0.31173888158694707
0.3057536151718283
0.9455047257159988
0.8211731242586964
0.1279688883426483
0.49591369333695057
0.8232684921060032
0.9627344223371009
0.7646049200162592
0.16187656368965353
0.32885421614844457
0.8752827948007875
0.47052890493815736
0.36041205025882217
0.639794279200062
0.29566055806105085
0.6671495263556864
0.45646888505036187
0.2368310140849742
0.5783693125424588
0.43202366250986224
0.8416160700215007
0.8813762461989725
0.24434498849659037
0.3084630185448054
0.05970838028168768
0.025742088169818378
0.4381571913205793
0.35438845291058185
0.669360287330096
0.7270370305777768
0.5498896765899539
