0.4496129231457495
0.32446470632491575
0.3276276511212721
0.9844519299802084
0.15339102611284394
0.4280123767141898
0.5119494298374461
0.6004541854361177
0.41316212224395654
0.07705881621790234
0.17329478077916272
0.6913966097696834
0.35857379678439616
0.33001918826416743
0.21934154251424165
0.16937766214567784
0.7199245330206411
0.5244295913761433
0.6907135680030322
0.5852978752775574
0.09068440302763392
0.08926494375449678
0.7635467882708257
0.7840392733980972
0.1397037409533335
0.19447143554712487
0.8308739570789585
0.32400974671477
0.2180283776458286
0.6481903262770609
0.6942078404238479
0.15099943072905953
0.3047003366263703
0.31869131870735057
0.7699679851598131
0.8277824805313521
0.4579885006618297
0.7148450661751146
0.5537799043105943
0.31389496488580104
0.2878728320056857
0.011054219602825488
0.1934442318486449
0.3890239683726734
0.8931191773651992
0.5023226693157563
0.39217609419874233
0.40203647420434296
0.07962318215252795
0.5775920189285126
0.2970485138932394
0.996743720574367
0.5683529892211934
0.5735647601677445
0.10808837311950936
0.6123915149710711
0.7260566503824724
0.37974451878223847
0.758042342739703
0.22054778276125064
0.8325634880854246
0.39570132408623604
0.29345487771459744
0.400438514834634
0.36869601679841246
0.7555430248783133
0.01355159430771391
0.011516018305755327
0.4152990624131061
0.49298986255959887
0.03101853163195989
0.7996584617627026
0.42386522907425916
0.5150652697480368
0.4152047509474628
0.26457740922960304
0.06475526739375126
0.8133774651780774
0.685686297481547
0.7050651376654522
0.0976431481848663
0.312869990523271
0.4269804974258551
0.09141127395598314
0.2873588559745588
0.10681579731089863
0.7835536763156723
0.9495870386533797
0.13531922180300748
0.8175247683911201
0.2332820643386354
0.4796733792414275
0.8759662147340203
0.5939134840046136
0.444848882547226
0.2307387829520946
0.22175826925917141
0.21015075475157197
0.7855969269646627
0.31429854332418605
