0.24352362298147712
0.1161844605735245
0.14265082507998628
0.3444419348763649
0.6812303677490824
0.6486160800477573
0.6839634452830102
0.9383433800123152
0.7801016837225152
0.5376418398966758
0.20878911541890177
0.2716144860072012
0.6542410515121849
0.6328734433748617
0.9775176713125894
0.003639003902889182
0.30876457898220233
0.2671707349341942
0.8374891023417399
0.2819048006033439
0.10802696756845431
0.14249144052096185
0.9221972864997041
0.8756977343054018
0.41266725426311524
0.9908805753125757
0.26750123096092715
0.7986707899169245
0.6378552415279168
0.2056677524186945
0.9766506341681361
0.8994285882978812
0.9229003898638451
0.9294384387362347
0.7687644797714658
0.9774208196711681
0.453211661392259
0.8660094762818044
0.2330363809295769
0.5895897034064503
0.8599394975032673
0.7999877332363802
0.01822378635229871
0.5349573343310777
0.00015282197921739904
0.6081638007767074
0.26043278146968507
0.15576756456262597
0.9216955061655663
0.11833850899775145
0.7652209886726491
0.1570656436264234
0.7342019786527746
0.6676375500423514
0.5816911363129578
0.5226894206177274
0.7890361883762638
0.07012671182257335
0.8069071143099639
0.03327783206439794
0.21249127306855842
0.5160510887896184
0.5704886774342679
0.09549076284052149
0.8619943227999548
0.7753908761991679
0.05517047284482346
0.20499046513321995
0.7846667298748323
0.8596872633889711
0.14210661506471323
0.5155736799644902
0.1863137743477279
0.3814798782866575
0.6719601013511612
0.41354946030977546
0.4112676219014525
0.9236105598521334
0.16951127831270396
0.3450434573291047
0.8423590019776848
0.9438263622325154
0.3903958213494034
0.028066635965436015
0.8583819787605105
0.2281488325773131
0.1881806280246241
0.2855617146244207
0.3788887731782822
0.9726418003649069
0.7477043640299154
0.045558376863428784
0.17473868079269783
0.7834551148913478
0.13470847300569466
0.3966093536795967
0.5474908399300887
0.37127334648124133
0.29909966685716627
0.013294520132621224
