0.4303135977519552
0.5326992674181165
0.841410284222347
0.5647589638768488
0.8923499144367282
0.47245612544999205
0.2658877557649115
0.7238290438789605
0.2937457617168975
0.7748958341924469
0.16738287068977065
0.49524349654057065
0.7766760765060432
0.8523580376190867
0.3806119102770955
0.7629989819893935
0.2755560408054717
0.5825103524366412
0.29296906181588245
0.019320346466561
0.7459141766489799
0.8290192019425807
0.5189823659518189
0.8088090175797389
0.8285107065671427
0.4565194615224506
0.628959504188922
0.8761403107594653
0.29857539250823306
0.3261850340479501
0.8035547372173316
0.23067692380466642
0.596226521587093
0.14214832205154193
0.3048915298692575
0.9979253800713146
0.1284629120111146
0.8264519893921992
0.1763643196248028
0.42306842790364774
0.4198989773813986
0.30258035315518417
0.22307382823923338
0.2986525845513637
0.03742477378377107
0.48844648196257756
0.029632599060620213
0.14917448243184894
0.9449987380244066
0.8609603393829433
0.39360778972390653
0.11093880576224346
0.6282549838058268
0.6673262095486329
0.47211891746571966
0.03305524124745285
0.7902496082046427
0.9330718827896363
0.4121833877257972
0.9981681516800311
0.27504530872316657
0.27713586827798364
0.544211259205878
0.5724775136724088
0.5583480665702552
0.226503890442465
0.633638451695793
0.14221417999755315
0.9679007932764458
0.45121902723888385
0.7774205424574687
0.5007729844605402
0.69182692748537
0.5093861038784152
0.8916163213653
0.6463745312983118
0.21593848296739226
0.9825917915656576
0.5706616176057506
0.4274815589843851
0.4048350637510745
0.9938828122530895
0.3183893455733161
0.15904689411762163
0.31775827391020794
0.690247118402462
0.5272239525898605
0.3963298721734614
0.9950245770933017
0.7299350762496195
0.4527894594894232
0.33201028160577106
0.7039390744753914
0.933464831404206
0.5025050484137051
0.1626439834915776
0.5079329148517469
0.8301156993691168
0.7312961216254465
0.31243277735996167
