0.162210083380397
0.15123029813744782
0.9260434838804993
0.3475772689856046
0.2886967860108286
0.5471541999597336
0.6985425101745318
0.8223199413895436
0.06915223953643146
0.4271720994834636
0.9767285228026008
0.1812843967285317
0.8688701670394595
0.3333426344053466
0.9922857864807841
0.5014101480949384
0.7765022128093364
0.5367513282177571
0.6916945230985501
0.3823149108933729
0.6277144898960966
0.035954402876350655
0.9836936848443044
0.8628711374272806
0.07104187507909177
0.951199324909524
0.2884765486728631
0.2720139323017565
0.8408547007975347
0.26285265428925975
0.038064740800671126
0.3222396516144572
0.07219407566242442
0.05585961065108369
0.49225697823594783
0.7946734296020365
0.4152405620270839
0.9681241190193163
0.6287409965156802
0.39180229383186194
0.5692116564012604
0.8468461972249953
0.1517881672541883
0.07645016710993613
0.8823486921924983
0.0005166337591450132
0.9568353223708329
0.4659399083568879
0.5984624430033466
0.1906240917518246
0.2744776423269013
0.7478647750833746
0.22224353383497053
0.9278202481492949
0.08387711090269878
0.5569296206757228
0.0448634665960983
0.8867143564247812
0.7040038163594242
0.9516726582641049
0.0721561195090854
0.8048185929290562
0.1132879958360613
0.5380057865447759
0.7474931845846229
0.6317715647672228
0.6733536729470947
0.9696739197767806
0.9701151717458588
0.8861174045552255
0.18888200456965076
0.25151203770044617
0.20758382920053864
0.6275757275593917
0.07984773165884496
0.6226148799439771
0.4222921667674061
0.3593006436448012
0.26743611502082987
0.037918198888121535
0.9517189092630711
0.3144200463853778
0.468217711956155
0.136020793915552
0.6342649520138469
0.27626092312152317
0.6439904189131214
0.86448399064305
0.2915589164223379
0.010770001364147408
0.9898553982494529
0.46268177509968667
0.807135422697615
0.34295630184781767
0.3019213270207368
0.570090381555764
0.014674655793846636
0.4658213990427639
0.3467364584041428
0.6930177750938878
