0.014956854296106381
0.2855657858087407
0.4556859002099951
0.3582234971686006
0.5113386566083976
0.9490167152509558
0.9510183076327736
0.584295314756845
0.8683746134699379
0.5343540884320335
0.5415204938642629
0.06230142128623262
0.038876859298793254
0.8350324271511522
0.6492238709768322
0.9366197080938383
0.8773957953659383
0.10246661204542906
0.49484169228914
0.2222175520659555
0.8089863247089069
0.7813704735870259
0.04800613472917015
0.732493578225487
0.9048168941012645
0.8809685565011485
0.38549316289818014
0.37967887168323045
0.9001194069580083
0.5718930040591271
0.976748291488456
0.5215050470758767
0.6486489194314583
0.16835038986079454
0.538583166571615
0.19736647039771948
0.5407320346008307
0.9128687489374083
0.2901515281189362
0.3032887240107356
0.5755088780583216
0.34481289168680873
0.5190808687138871
0.49628433016619866
0.05151710557004041
0.2729346464589536
0.06328406359916716
0.6290184150331395
0.18648357529512882
0.6156847685508403
0.33262112500054797
0.7535077456093613
0.7404987469062263
0.7416936089094047
0.2930503784685803
0.06806867216593004
0.08160700441260549
0.32217276310896725
0.547177183604377
0.5682798424867672
0.07224347497666461
0.7387017089220661
0.7535169031805655
0.014640958973280882
0.8284048020421779
0.366185580042627
0.033778190669096264
0.5915675505431626
0.47702393537842
0.18805643601578015
0.5231801201633971
0.8195398561098224
0.6788451405733547
0.03896287702369183
0.19980644598770347
0.1387480686285989
0.4949846107514092
0.4720896478474542
0.23843880489780722
0.6835775132526888
0.9002627578314711
0.9362516670076303
0.2345867787434105
0.7269024647552315
0.9390510245782677
0.442830094208171
0.18725140904602322
0.5726900454214451
0.6498927844090385
0.764417379314743
0.38261058163038897
0.8577727382429928
0.028277214717387644
0.43513687844965565
0.8980759815337565
0.33085642851824004
0.21254961217522084
0.9601774816261283
0.5161645692038752
0.4994597872315487
