0.654624998000693
0.15660519110307525
0.5262833105717322
0.817621557102568
0.4274875274005183
0.9575246789039991
0.07265156121193928
0.08764897250688908
0.9597737547884398
0.45143687758393836
0.5809276203760831
0.2965813745206116
0.751353070467307
0.4202579701322203
0.011781516157080563
0.47593043618361086
0.5859693468087864
0.9839928382617811
0.7774585010478985
0.8412533491227384
0.8389682456854269
0.5809005626997308
0.1813278455996049
0.21305819117942404
0.1265564447336186
0.8917000344757656
0.7631084801213502
0.11033044215116583
0.8208323400020384
0.5382447443582288
0.2825953718781309
0.27128037174739195
0.6488382154387087
0.4659717607038373
0.8912895595190902
0.22237272008744902
0.8710247595823384
0.5241272004839714
0.7240992933800766
0.9143935410060244
0.07952078829361042
0.8911057836083267
0.01792257507348083
0.9076079235006246
0.7150558646980052
0.5938526133509012
0.42544593669029773
0.4313917889040618
0.755958855693122
0.5976949485552486
0.20516786965573464
0.9527523863641916
0.8205593714056335
0.009226062625711129
0.16269148720144766
0.048210545784408754
0.6076321361225332
0.3433107058699605
0.42543070183820686
0.2768395959990221
0.7532705316924506
0.9481405825156373
0.836018461262644
0.09320195658691033
0.1589077010141151
0.8162201443020067
0.8713538788806193
0.3673110034885607
0.5705357408944458
0.6199863396072375
0.18735025027015784
0.5833327161068769
0.6791028612278466
0.40869466789441566
0.7309616315656364
0.29590284813166223
0.84953375085132
0.5045894072610397
0.12969383260562917
0.5954856596158277
0.16535564512578682
0.7090409272856665
0.05450275494707646
0.5601079381539873
0.18235162002331917
0.8562781911019156
0.804057147955445
0.9252483014643618
0.6142588579776342
0.5338436995034227
0.22501307947276472
0.001162592418897379
0.16563281543722141
0.23510605343110869
0.009769944898357141
0.8149701392767706
0.3934144336897524
0.19324939318196677
0.1644523665971599
0.8520155950584987
