0.832408854659837
0.774885101604688
0.468437745919655
0.774455010785933
0.639801826160309
0.622120609331001
0.869454506723888
0.0391947087082987
0.294090017347639
0.786239561525285
0.543117020532078
0.413784513442677
0.0618897206438192
0.0281167561319269
0.348151372442092
0.685269047825257
0.413276269758715
0.118833687211775
0.533052879633872
0.400337914657005
0.904298083346476
0.0714956503694391
0.0711910161521244
0.572757181046883
0.927645514219834
0.458708404311309
0.785885896899684
0.76555797446778
0.434040292833951
0.649189980537253
0.0833963645079156
0.0462984354450826
0.836930855101408
0.353323305655887
0.946268056028647
0.72977780864098
0.34916247909384
0.45320627766345
0.412691458320567
0.80171843841752
0.201696688868895
0.624978851352343
0.361114493273718
0.0988790747238691
0.106277054225224
0.978267334391488
0.0279805106241165
0.5817081293006
0.417852882490425
0.755540200395295
0.583495316833023
0.112105309084107
0.797821875101804
0.42848425471619
0.49902396718926
0.760913204290398
0.703694085452563
0.895680564872772
0.846809496566099
0.181093421849
0.836234712431317
0.103896532256108
0.605154415874348
0.644900036810385
0.702843197017369
0.496818585086995
0.576853658341269
0.708566414987932
0.0818487001032795
0.618373563801112
0.336106568731417
0.960069992095265
0.706142228891208
0.731334441216353
0.19864122578811
0.279319231994133
0.710381157095722
0.972311941428255
0.46648012682166
0.949378179828347
0.430727893687192
0.204177767599084
0.347705091977355
0.678500092438655
0.0656946637042308
0.971291055423809
0.248476560343279
0.408446600385218
0.854299338466627
0.185354851738249
0.0260837231884169
0.453481914221068
0.606396781097351
0.231598036471567
0.965483725986203
0.0978001566127875
0.0198244354779946
0.716214456463332
0.3960358777065
0.609458469138229
