0.401413676050219
0.319414095636184
0.49985942919732
0.799479318689312
0.419433631663878
0.623425324737758
0.405963080192899
0.0664874338854511
0.22984302892808
0.219704735195127
0.0505320471946765
0.731382144024308
0.429200438051112
0.897431316737752
0.750365528161808
0.632056944832232
0.756191440278753
0.926654323435693
0.579205373106154
0.731552141593561
0.248342024743716
0.168407057956051
0.854267076521305
0.89649384836503
0.592289840612696
0.882624654510349
0.353673210997914
0.474544192419641
0.76585071523015
0.100841069175322
0.259494796516138
0.994166700632389
0.576276063721756
0.857021657683431
0.547964503778128
0.111313798051008
0.704318338401764
0.548225773288042
0.259066460774777
0.442269338966473
0.56532797523091
0.181989126457828
0.178603571457138
0.634594603271501
0.134822804543573
0.294701579164109
0.0242814761699557
0.708965464359599
0.481232508309759
0.333426781153971
0.341608716334034
0.0931701120423014
0.137009083357178
0.664483736112939
0.361116444394512
0.233006618094168
0.465147019114879
0.60336558083229
0.207189478076617
0.536808977153529
0.269752113739844
0.931418887773258
0.300636718655302
0.129001959752758
0.960209938678988
0.0563653465622875
0.155106080302552
0.572178780367681
0.349466812959624
0.6390517301108
0.927738606430468
0.207965666990711
0.667587862660916
0.136936034139682
0.166224166362651
0.0663528982858886
0.989803486498913
0.219672473249804
0.761671043821457
0.297588261448586
0.858343178340394
0.644707746638315
0.993311684109881
0.432423934076179
0.759232352841288
0.166324684473837
0.857157617275211
0.911792327608816
0.495905213288919
0.31495788568396
0.646166778936129
0.100952757569474
0.341036295211425
0.722257483621248
0.172517225226628
0.633909087457652
0.881352407802526
0.0496016117043801
0.674384664592512
0.0784574579812854
