0.0837535960989788
0.264714433469211
0.618993588545822
0.9299077079305
0.310339443064453
0.66091335968157
0.340095848003447
0.672924552891834
0.767921568717771
0.447152303739987
0.913617335219689
0.906548606188292
0.219600919736363
0.71796058524305
0.115747570579754
0.451994247945023
0.426751568180859
0.698830802784688
0.179545807270122
0.554598973856587
0.181564572351782
0.148640529787466
0.471044520601185
0.402198263165633
0.839954742621609
0.215715035430954
0.788310440158616
0.635873617900477
0.00795373414082161
0.548069671982932
0.923626828903159
0.685636409411969
0.109044360047693
0.875030714494656
0.267786505291139
0.361930994485473
0.0517844911905865
0.439727595280729
0.82831381625883
0.725485767110011
0.459186581642919
0.0472420416992353
0.720855189357351
0.742649650547025
0.441826494150714
0.0976443137496916
0.865946323082757
0.886247134248841
0.243320338541325
0.258960952637233
0.942969916827497
0.299522857321204
0.866345658370455
0.404299530388927
0.938372317207219
0.935113066311513
0.793669912868026
0.216795325380189
0.0899529653088902
0.0946244076334985
0.872602919522954
0.70422223010297
0.664970818751012
0.219851896734839
0.523525474836829
0.22798092580772
0.797504246140599
0.344570205241707
0.450174079951911
0.753816576094281
0.400209756754436
0.98702397290013
0.870516986525858
0.45406004016011
0.095412392213667
0.134322530652547
0.427785340430115
0.728394870054161
0.960371769014919
0.742310428871918
0.349768712348197
0.902063305909775
0.392553279359151
0.748992781503588
0.605099755155435
0.624103971581955
0.819290751041514
0.704744829658766
0.936658397287437
0.332673438979626
0.568261081617447
0.834989165810397
0.349774629971839
0.733689408625331
0.852882847587058
0.754964351539949
0.382271222948223
0.501003292622512
0.219124175710196
0.213845568342994
