0.635776010637999
0.16235598184278
0.297444329269903
0.726727018005553
0.312796593789382
0.474776496866148
0.13385513617371
0.971792527461328
0.238227699528554
0.997480137272496
0.599727616924666
0.641493299809049
0.783855586677722
0.21501766574337
0.659317813189383
0.637813176325435
0.62729094905187
0.114952312835936
0.386107448668269
0.367242395117526
0.154047038012206
0.34681587682423
0.832555332143118
0.155201857981832
0.724374827800493
0.372252198109521
0.408088697310578
0.408822695449378
0.530200822525751
0.581257643914436
0.346275526260154
0.386128918447592
0.19429843788701
0.202360128146764
0.372038951782528
0.337827014428483
0.177130055230637
0.0739806169057175
0.544197188943716
0.975355134334115
0.661602289258317
0.596334105169556
0.772064671745554
0.87351042492013
0.475858560053566
0.91869553267895
0.461514533246641
0.0347522483369113
0.380839628344793
0.24488478398178
0.446048700458393
0.0993231526107169
0.153789930117219
0.751547702472446
0.358636207579931
0.288960133813769
0.329800649699662
0.142242471288071
0.00235219020506003
0.940544395679861
0.0666877995555698
0.725032440724332
0.441591704935577
0.656970055614118
0.651204611012342
0.213598698477074
0.447194861922038
0.581495458530959
0.842978713960843
0.3214907987609
0.460683121094798
0.553310332146152
0.570755123892219
0.410752314334154
0.705640105859209
0.55771293284265
0.574751205078676
0.959044907222989
0.679343297928266
0.805679295121543
0.910737664862879
0.373336448973667
0.027983067104585
0.285316038543971
0.135208943456043
0.246952373649437
0.232338988330373
0.442750735414564
0.843723920566833
0.0830788179687591
0.00802636472882068
0.0348875839425659
0.0716284267006574
0.603652793263855
0.908667334778545
0.936569848533985
0.15474240023398
0.115094616131435
0.222305813907788
0.262259861576492
