0.946981690333682
0.0686682537517828
0.0966599183607194
0.0723706125618753
0.377793871973545
0.0346759669644181
0.440556734074166
0.92065282069177
0.615379269987056
0.803470351641751
0.510478926128931
0.838161112665274
0.0264174854505889
0.621378812296958
0.306875623439846
0.683579351605652
0.144184428334322
0.0922744670381185
0.0712864576239542
0.766240356846824
0.540014781309299
0.366436326581257
0.568526548598207
0.67068246503858
0.201534816157787
0.357131523712134
0.809518184889815
0.429025470944599
0.635141120122346
0.801403594576476
0.405788334741159
0.269483131016364
0.194693065339091
0.0473548928496218
0.73558776533957
0.917986727747129
0.538457331032705
0.0756232519986216
0.341040086625628
0.86247667291317
0.845201387929358
0.119878076072726
0.574188751901588
0.137900455453387
0.724310784006636
0.876767171955093
0.121000352837611
0.977722436644939
0.289835357242187
0.64687785862334
0.758735379557468
0.503622240155759
0.35613213635801
0.314369775035591
0.704785253715136
0.580545363752425
0.500141705153576
0.425977453322139
0.870835796404088
0.0206623482614115
0.225157782074603
0.0115312631295674
0.285511700569425
0.81397567541058
0.397682016900593
0.240995795112567
0.643468047326183
0.979062592600967
0.885791046957388
0.388888895692718
0.145122020572946
0.0685611763357004
0.75123438041249
0.208809784710784
0.921038968917466
0.420136705236573
0.792247574679669
0.43062609314482
0.946371681031944
0.324767644202694
0.236131170874523
0.831795748244876
0.139190113702412
0.988263261499006
0.0426682150190082
0.902166094585399
0.913350994658354
0.8803232903035
0.342569639134486
0.155042401587145
0.417845022593553
0.112479877710566
0.204787455594534
0.320377738364217
0.637318890838567
0.833670124799791
0.834366375503301
0.760213076491008
0.740218438552794
0.483314988894069
