0.23329912462891
0.141937760236644
0.0919313896875509
0.900946461549469
0.501755838050393
0.690174203221767
0.752387859743269
0.147322351647225
0.393330806118125
0.284648548478563
0.788297789072757
0.0695156120087558
0.479605772290195
0.546068152201394
0.784531177386889
0.393362033829727
0.872341149427156
0.297248439070419
0.771307460391572
0.495515922315193
0.327644800454213
0.763144757022683
0.636492953466481
0.730748645370243
0.971043873099165
0.0326421428623805
0.863773720741167
0.430856642048274
0.571490893872218
0.0873688441176754
0.585770329733272
0.0320344981886607
0.690407654592026
0.463056692137875
0.0914685195737837
0.0941934106378785
0.739864358557325
0.238243652152942
0.486507423448613
0.352494011797241
0.14977823484213
0.766028643011129
0.486992484185376
0.0579210906559234
0.366744612514388
0.348329410584797
0.632874105420371
0.65871930339314
0.535846560977328
0.243956857008839
0.961328975372635
0.537117936432882
0.988905616099437
0.244702516237601
0.155670188439856
0.470154367606227
0.505444806770163
0.361182744317307
0.929902588450304
0.469113695188013
0.826400482480601
0.321531217694996
0.575831457775008
0.305961962000449
0.69887821874529
0.756263290884096
0.37910795741673
0.0165490801523202
0.45459963262761
0.69033776674901
0.653497675272402
0.634097497274213
0.810741015621806
0.418813448594331
0.345737687473063
0.561616157443084
0.276152272837307
0.578571862810558
0.364004032855855
0.622714462514368
0.39976803744201
0.205054417348026
0.895010081070946
0.327534036863378
0.12603986874504
0.0486523933003901
0.0431288820892241
0.445705138354425
0.307386503698019
0.621314151967556
0.588748603867716
0.378681614240018
0.308341063702638
0.0173937282605999
0.52609352931664
0.828247017147135
0.190197185236121
0.181030522184926
0.359042871910633
0.610481321630292
