0.0440407525953095
0.944714470275079
0.756308513114373
0.461144704586428
0.817019047130374
0.638998133427928
0.923222901729505
0.64387512935506
0.719148372634849
0.890139157832665
0.35909154096576
0.0537492404942164
0.0293834032627677
0.794718156007453
0.888174873259
0.652834008751825
0.95650861223997
0.445374140723317
0.0629964098627662
0.595987706722686
0.256983422793906
0.998429628088339
0.213507011632205
0.011733747092883
0.465770314664473
0.632888933472749
0.995353571602774
0.729129135016878
0.715838714370429
0.701904634340622
0.149835561006253
0.745567905598119
0.76108172245374
0.351899511810345
0.625381925900179
0.108539044907568
0.596297522818808
0.413199085468985
0.603773354368179
0.901241895231065
0.0262216040986691
0.47100181620149
0.67957565546016
0.660485004848095
0.0259254570239808
0.657444991011845
0.547792639372774
0.55963935589401
0.753638185445982
0.360170390158971
0.273837341123185
0.240739435069607
0.120266984272873
0.205621551818038
0.378822732427541
0.0456111245069705
0.731207458642874
0.74457476602149
0.995374389921955
0.184130113657625
0.643644561825155
0.194093766712627
0.928036414984631
0.0172437382942269
0.740303596826412
0.613523635367641
0.292667518040476
0.677483891452422
0.169336230107274
0.779635828351432
0.0565364859330172
0.543309526770985
0.841600786355138
0.161754514631701
0.569766102624017
0.785981606592416
0.318853972628179
0.55302200678411
0.985808290068902
0.808325323652628
0.0850962940999755
0.435714215708763
0.975490949570896
0.355668324211458
0.428067293217437
0.909096125936646
0.625300921325246
0.555460170635702
0.973076779382805
0.579770801393208
0.377331586264694
0.851722756797319
0.41782469554703
0.419643240710554
0.257597333405911
0.832127837386042
0.54296540121686
0.662331917165933
0.920181408021684
0.41240182165634
