0.954531706848429
0.137846902542676
0.347457821177066
0.662145424942554
0.284336145633988
0.0247060307416627
0.430677198539803
0.619994726320726
0.380866693510146
0.657249218624667
0.649156124633344
0.911332345060693
0.964860766644059
0.304206128373838
0.422329962450233
0.676871548721973
0.0877304166032609
0.689399793133791
0.265709368635765
0.793115850907339
0.00486702239367507
0.196632008625489
0.387480201845747
0.0360207413490958
0.409622082211833
0.990310762073058
0.0714381942858166
0.0897908313617999
0.58378035648902
0.938704513916143
0.444433227854051
0.22139635832114
0.505132689841619
0.0775417103793201
0.485181796124755
0.755466255711143
0.977145674627808
0.183153791904055
0.703636309459636
0.0910587590611813
0.998842009342668
0.474018595402138
0.129845250924046
0.198926579765476
0.968518250607195
0.964948218299517
0.665239789832961
0.00137552712176718
0.999101771972655
0.120461797397799
0.301515422436183
0.106264673222911
0.899556782515513
0.697581563004098
0.323564690688422
0.757899698222941
0.75036670069693
0.31143707982797
0.252523342730721
0.29402538356093
0.953267836455846
0.340886367178003
0.0362143698317066
0.442162179594004
0.212815990770616
0.427759766312204
0.406199655219074
0.887319056264739
0.819024332249083
0.66686370673909
0.699725874094165
0.904576624699205
0.985763483674155
0.174650609574584
0.794273841564671
0.530848426991537
0.0667867577014429
0.188553622080271
0.0675024907419004
0.444673863912315
0.325070972240097
0.0700626671640494
0.0906890593891447
0.463318559091221
0.63718909147996
0.33816855463114
0.321839575805627
0.807551126837521
0.753977019690898
0.727282097901815
0.00509955501421334
0.665708594799837
0.930630449173334
0.409610925898706
0.137790922605335
0.657955642164664
0.437804225570431
0.687683071330042
0.98611058899486
0.540758484294991
