0.653801281309594
0.907596273304707
0.487274413689633
0.43636314777488
0.887147731095156
0.396410795578924
0.450263639656018
0.181518505877591
0.767723943464329
0.102744845255625
0.809967499603502
0.841730177328796
0.0641859178730221
0.368540007327003
0.986962726799288
0.71033378118199
0.875832978578207
0.199865094479111
0.774103938962381
0.0774060255276999
0.486868513043443
0.00147819146582773
0.0361326467414073
0.927523490473406
0.835360363049135
0.917845863345007
0.787323747196851
0.56711942589242
0.799140470474558
0.788473619515297
0.709001099089627
0.796215088477458
0.293760725433827
0.953773226101777
0.549356826371214
0.204261174986261
0.40743478825662
0.664984976716798
0.967342462841115
0.72770244941474
0.822155255275851
0.401848077495512
0.776142718166179
0.0464825155429926
0.00601022551116078
0.207155733000094
0.180487474976334
0.0612504701415312
0.966251518095961
0.382162714555004
0.656943395574085
0.412568068789583
0.247283598523253
0.953004707560411
0.295910040054428
0.652323089843766
0.871463626563299
0.559750923216227
0.601002784725746
0.969301867750148
0.609087048382073
0.883144213763598
0.382378035403033
0.979250323949033
0.393743746165998
0.0137524111260438
0.547969451894969
0.110412691771245
0.81918318095579
0.782701551813028
0.30289899292537
0.210848001861408
0.232522631637995
0.0464014895476408
0.255250770251849
0.0850204355479313
0.225335473299648
0.989650131198415
0.921513264962245
0.628204630049041
0.737358388368673
0.72607327705532
0.600867907796459
0.416977755919554
0.131530223941212
0.296433030300044
0.548931489954205
0.340756017873416
0.657863186047349
0.897033736527447
0.332797548422961
0.847683865040394
0.0639821919910527
0.998040595090967
0.118615401032667
0.939011041512252
0.0194700420924789
0.796892394217147
0.652738769376994
0.992257814385117
