0.659186281105125
0.0700747832050895
0.242067289185742
0.183549966282933
0.0792637216296344
0.446095393712677
0.180045437151587
0.200882108975613
0.697753937308562
0.210889604506497
0.426987616544118
0.881813495364885
0.638237658253982
0.972798154676705
0.231943479381475
0.883013771326753
0.282276305967139
0.965400279483479
0.847720100007821
0.0973107158659542
0.464820921171839
0.207213434021554
0.452549505723896
0.922149444428342
0.449904003390066
0.455215127884976
0.146865809870356
0.234482036547028
0.927786088514973
0.316239728739597
0.0655503934554525
0.428443079082502
0.33691136182142
0.929255450577128
0.969018348943916
0.667283605163583
0.484005987869578
0.417317941513526
0.33771403428992
0.685434830228535
0.116387593148457
0.348049380978592
0.643002080564854
0.446973581540852
0.47004611998333
0.450984053058077
0.209446206786412
0.0911840373143479
0.766097115709492
0.235601629705914
0.656734735545113
0.0540697626090002
0.949172294209326
0.55542805351104
0.527436893213278
0.451972847083571
0.617525277481193
0.319917844757399
0.733645962892867
0.624048593744658
0.299229583842321
0.945563400604559
0.273096020460639
0.381514208568965
0.145339211051045
0.998544537461616
0.544902133543464
0.708982207676853
0.00377980573278843
0.564659874217892
0.399007783457175
0.864958364453613
0.627686245193559
0.162285269779286
0.980923122717497
0.116771540193246
0.5642113534567
0.00557592418304455
0.452103324445013
0.99891995033199
0.245768921098564
0.0556817725560077
0.468384920837537
0.692184458809059
0.659504993194484
0.0114806308464523
0.479270784873176
0.78148330831038
0.40181855736385
0.517045501860345
0.04975832768239
0.164088143112179
0.68367197862066
0.713665440545262
0.386205246386214
0.170824192543898
0.0749533605179532
0.261487871995889
0.301634370489807
0.471501582521713
