0.868069295709985
0.0584439183857496
0.318545848745176
0.0145731014267416
0.323911250254098
0.972257257426277
0.620523689603677
0.872942413609914
0.212056689063114
0.271335315551299
0.183632898695596
0.620067889625238
0.868789323078836
0.410461205248936
0.624376314051625
0.744454397235277
0.467085494877345
0.0684871976582739
0.751626551035618
0.728766129225849
0.250216658809323
0.441564660724981
0.280753888320529
0.99840001482442
0.0384542225107803
0.475968471949905
0.675184896995865
0.920109668709389
0.925576756208007
0.144601238958818
0.0293245883795082
0.466218312488039
0.618928092354409
0.384381875109105
0.221089209998534
0.37788063864125
0.449242541775686
0.978487460398342
0.178123618093377
0.746937935588387
0.976461816568143
0.585384599671413
0.908383479764864
0.151533505949906
0.135402080200334
0.208293407786774
0.576761209208873
0.20656278506227
0.838104692212355
0.555850659290259
0.966308995134341
0.539397250646445
0.414048503345832
0.111536441888444
0.701370023517576
0.426504634985004
0.777690030065221
0.320145833920755
0.976118878915961
0.847942778304193
0.297072360430412
0.700414020894288
0.947365657401907
0.0674554501042959
0.242010727171791
0.717414586207557
0.00113979727082876
0.484407447969731
0.189371995250402
0.246495675410375
0.295211855459591
0.488598034479002
0.890363579564897
0.00468861544723092
0.752304312657707
0.664832059137911
0.533181180960117
0.129220382370623
0.862997934624086
0.830160814724006
0.899207262741033
0.468622111933596
0.0820049764970341
0.369726096917748
0.178292243824476
0.489927337733064
0.0521698091422067
0.507391650465965
0.683011851591529
0.79458457501353
0.600190608576029
0.129096707854931
0.0023685814823809
0.330180839789184
0.449865575157975
0.276047795673855
0.638018942269505
0.840928029660568
0.909522778778115
0.417987493992777
