0.207153610515945
0.092353761239142
0.0171907898118677
0.59160901680198
0.260638803830668
0.477710960655339
0.649033671081548
0.409359887898602
0.359232129230738
0.0365379643796654
0.893323454024886
0.648469647694598
0.457147899296669
0.145958064191955
0.94873551556316
0.828450248496817
0.618409044397254
0.57763956048416
0.889163206279819
0.752083389438728
0.66524477706535
0.493748146804864
0.801395596378201
0.394787420236872
0.646305066834346
0.166115147604661
0.486229452996622
0.560182739775713
0.554823040289256
0.476256516983852
0.0268131168684052
0.69225315129955
0.219697603592508
0.445010440631309
0.623007204208061
0.806853501501891
0.451431322121728
0.490395959695054
0.10908729308708
0.700581283169138
0.840893666651516
0.642809921243605
0.148159521235227
0.646473887211864
0.901261120988643
0.951720960881431
0.671948808558261
0.856410517290426
0.381445324226024
0.621415326661158
0.657638751276601
0.0603793817853459
0.951764823380748
0.157439389339387
0.752742716927427
0.713405463711082
0.290958164860941
0.622403369574995
0.945303949967634
0.0945236562260071
0.991481507658717
0.0888509313058345
0.854536847609345
0.882975612246886
0.00972484751126023
0.201070302725337
0.42877204410209
0.0121374586653604
0.522950859983894
0.141882014061269
0.377018926375089
0.1280130847022
0.46855226739708
0.188581923110682
0.911189722787212
0.0224348558217449
0.345588625569636
0.154921709166338
0.493526299248229
0.694584105952915
0.494166339046399
0.629818935706196
0.178737415549689
0.933407713628098
0.818617765707252
0.966433735083059
0.740488327918802
0.0622582142531212
0.692267723703882
0.909601740496979
0.51589533664095
0.829027952546732
0.54509200972742
0.0145636368610727
0.709099775510421
0.752042735345682
0.78827307363426
0.265183908988342
0.636749039700604
0.700190818263307
