0.139595498861557
0.452102695802274
0.359498651399975
0.84218077819896
0.405688174723502
0.133643049343323
0.425582249381385
7.30492174965559E-05
0.498259569750288
0.294763546108624
0.243203131595255
0.245474545865075
0.841694537010833
0.909601216628031
0.678465798813135
0.62504436710153
0.938107203663377
0.868212784579123
0.36976960691147
0.793885254205151
0.199207729287077
0.243313752693736
0.0762735670787625
0.0345089272756637
0.992884951174671
0.826785848860995
0.866929371779286
0.945330379039669
0.964418808913053
0.532315078904999
0.185000490483362
0.940201874794532
0.545287808657292
0.683213585840172
0.15799276258703
0.406240482538119
0.28520909523834
0.151130905910922
0.0267357593526765
0.625589303497965
0.740742435092452
0.857084568057714
0.413532757858528
0.201141667180295
0.0717547540887048
0.400692233071054
0.259258220558641
0.431435078583395
0.0437916848081125
0.547472858125098
0.695801883794275
0.0131396232234033
0.67983200479291
0.880499410387361
0.879249728694209
0.896281746167821
0.375829128723512
0.324989724124311
0.849295827024288
0.578902325862507
0.266713677564037
0.480251870341716
0.0356542403044432
0.965944490845289
0.109763055625261
0.303001256800723
0.700186737207783
0.158480951170661
0.751608454041001
0.272225316275016
0.33983527186319
0.786976297752455
0.841477025226446
0.744180303413505
0.0531428191126989
0.342123161229362
0.829780994835208
0.875131899898468
0.962754173186959
0.592192718103618
0.567527628302354
0.435494293195891
0.901538694231556
0.416945950787955
0.836513195110724
0.171860867259959
0.260369870001622
0.664788398269931
0.803963857145963
0.261711016419209
0.0304113538146072
0.960219371114028
0.301835078886633
0.447833433490169
0.358875625933928
0.260490564750736
0.821430327753271
0.447588267013239
0.0913786115550336
0.768753497287982
