0.522948916779342
0.659811349892901
0.333459657306531
0.239563310164755
0.244396400286069
0.529625666574401
0.591827114388266
0.763182900270067
0.246249666552176
0.730307861105682
0.367816838141445
0.136036455694603
0.128877070326766
0.250719844014719
0.600357317179608
0.361662571952521
0.910113515756146
0.921129133981247
0.0643578465396342
0.0432911124282009
0.460581974806535
0.366513829848968
0.319869734961479
0.613349119486916
0.625986677420319
0.547990973828356
0.58292107497478
0.453988630536007
0.479482147600261
0.15914698744153
0.234161782187485
0.0804047165812947
0.518172669465734
0.793335480984922
0.171635189173573
0.834354989153498
0.296359278399665
0.939174105384934
0.689011313342029
0.288992099132851
0.374606620694793
0.977305427648735
0.816008547700946
0.961959862598199
0.541784902355534
0.379858880946347
0.700150882219966
0.294372165712701
0.414206319681465
0.3474372035579
0.841929219589536
0.867143939653013
0.200826062448707
0.593457927272403
0.239608843456772
0.156435086930373
0.339941614931422
0.720110537819616
0.613576632744436
0.696405426457713
0.946704591599621
0.137838483852259
0.283700752669806
0.0871026791106456
0.496146078918197
0.287412121560151
0.617863786228869
0.335541589341844
0.0790846548411458
0.76600232802611
0.0653032935528566
0.970939410371212
0.232117820639218
0.775365747406783
0.668684491733408
0.4832765471578
0.550505282148023
0.35790987236328
0.071564217131382
0.246127796473972
0.84784009160839
0.288548909262078
0.0397823108545422
0.132044944042361
0.317217767851994
0.367017842534472
0.879578654132587
0.924714742193331
0.553726637528151
0.0152001022432
0.494413374222076
0.576248740580049
0.325597472640498
0.992605886884316
0.34228750753323
0.236768136842534
0.693604674978929
0.7289058685903
0.465813783680002
0.254372780795383
