0.761995094717478
0.364609292878122
0.215287510871555
0.648203991655355
0.282133910005043
0.870989809218324
0.635026119013795
0.425460315041924
0.924773435538995
0.756332296298972
0.60592980478235
0.982031742568143
0.648546320688234
0.367448836270463
0.848565334849323
0.658155682337543
0.0980561729977169
0.151655808627445
0.769884911258651
0.129128236383725
0.407833467427564
0.693149044035538
0.781814951813694
0.0638845525979458
0.271588953804033
0.489054552972808
0.645341937730714
0.239511933754902
0.433078239873554
0.431916354890874
0.789671872178871
0.821599413557723
0.892096088683277
0.817191436335999
0.484132701756494
0.483230798730269
0.0732613983905229
0.391578319199187
0.849911034037318
0.446227958633671
0.731991723520677
0.454118339090663
0.999941306654337
0.797394341229179
0.40927029746085
0.512381631653934
0.927702419891815
0.958148636370035
0.144040552034993
0.684131825195687
0.138711963844817
0.541948866351484
0.959020957331648
0.336685547296277
0.846539313367819
0.0688460506819403
0.582794341064428
0.15140295827361
0.376615037851322
0.793079357032235
0.22564787148761
0.395514185258892
0.99238207516837
0.492857080648121
0.9666604241201
0.784330391224628
0.0899356538848652
0.831354884352235
0.883316134513969
0.365334536119054
0.58489428394702
0.70647785379853
0.301744774590128
0.323656952624981
0.397136512863048
0.9537151283369
0.693207737381201
0.984420610584514
0.654614255137096
0.7592073221501
0.561352133080993
0.687193301360679
0.0954713817199093
0.748946414677867
0.293204391046057
0.247723005827387
0.862578456226074
0.555410541387
0.97065212296818
0.415286651074554
0.90043645766584
0.921858440116913
0.0149632813478649
0.0568316770050822
0.220580087146061
0.336477538261785
0.461736263922293
0.507084226006216
0.830733917109079
0.624939906236222
