0.81803731099611
0.338985472144087
0.997066257985805
0.632650814779406
0.968998549491632
0.468079366473518
0.719190688207369
0.951217395696425
0.798783134109705
0.337077148881311
0.652629579721312
0.436175281385041
0.2426154237439
0.440707256757052
0.543419623069195
0.908640296155885
0.246870520173977
0.731392423031569
0.381017618990046
0.990278308275285
0.825720175088253
0.244353821614922
0.955282201969662
0.152962100297661
0.280610135421441
0.623085664409718
0.135459567948924
0.081174293105106
0.0525415581895698
0.875957417709733
0.565282597935424
0.46586787815479
0.514941281413166
0.0575940744288238
0.929814126775513
0.326899473241949
0.291480700155478
0.591660177610656
0.143641690790486
0.214230628783922
0.797207660878639
0.0416463371560193
0.244728880117055
0.633448406417597
0.78281822790523
0.496286418054386
0.626375082706276
0.00359775917772099
0.75806926784947
0.318298868517531
0.874901151226322
0.719156436957026
0.0108567797629427
0.0757875810730213
0.0286636110528668
0.573683489381188
0.383703270174425
0.844104157688145
0.352040679357965
0.345912885081914
0.332619798524594
0.638016395102263
0.898675837506855
0.922825716399972
0.771794550945887
0.186761701566522
0.921233999971875
0.185021349315076
0.510893129981539
0.216520149827246
0.617159596000407
0.655210342563321
0.587750732241082
0.166786990206124
0.193070647396646
0.784073837932234
0.999624941497867
0.321833795552065
0.370143872392431
0.784323717367055
0.996710581703442
0.131861808771203
0.323105025255636
0.734242689672039
0.00105626648341132
0.846126160978398
0.455011098391847
0.439153700340145
0.028930463375957
0.356130637394325
0.943196203067525
0.447376542467334
0.239619498252691
0.797728805708573
0.881610830259328
0.159191265776377
0.142970499649165
0.321903163717083
0.861653855471711
0.596056526338708
