0.575052418082511
0.4413537333912
0.492704629196182
0.541549118022225
0.701139272517124
0.219690808663001
0.131405704715944
0.844069789556819
0.882716933676375
0.244589773120633
0.574058547883322
0.0618694746223602
0.473960285295714
0.56771696199091
0.349202303378471
0.200757989753391
0.314911369846627
0.164433147834816
0.921769449916561
0.925668389967488
0.731750603174675
0.48208029963173
0.156090885939119
0.154762492587214
0.273323946759721
0.169783053533073
0.41559084431063
0.79002192653251
0.285176159946796
0.033879381620269
0.641103338283069
0.677721777780783
0.460179940080354
0.774087346053723
0.209271299284544
0.555356848312242
0.639157179575021
0.781555907233411
0.0331034171549154
0.781365457820411
0.714720456262455
0.610941308835028
0.55643676666377
0.784340690255324
0.782072089511003
0.881326728445164
0.97341625717162
0.671902536261781
0.448526502330101
0.680852840505938
0.84427989592975
0.978537351814349
0.400133713800522
0.935985465504222
0.864305923164033
0.0929721184507814
0.285262847452081
0.337942136608969
0.268225171262503
0.531356218984051
0.804099964352371
0.341383778183434
0.558893629610023
0.848837552056107
0.603486434837564
0.896336770102539
0.601689534542006
0.699872939241991
0.358445662706367
0.793845455066229
0.56160081017837
0.533355462613215
0.1313297306799
0.14040399209615
0.210947933705034
0.120809294339646
0.92564353296796
0.371750195683795
0.37269040307621
0.391997218314557
0.196366796361453
0.743688308048848
0.341495424202408
0.604323319440858
0.189599485690519
0.66256598646872
0.277588063980261
0.524194474576132
0.90978142288969
0.116299180833762
0.270094000860161
0.301215042966052
0.513330735970908
0.501747198170865
0.977265493468039
0.373336678079021
0.0520476792250051
0.707599214607663
0.18085425541776
0.885735319408465
