0.279637193903158
0.273543317929629
0.313456873555415
0.654681047263872
0.119252030327568
0.310924433316535
0.847207621134449
0.259729721704372
0.725037531799189
0.743496628824387
0.167328585482821
0.913512651768286
0.965251733532758
0.876227952947946
0.334989422622598
0.060411656303523
0.999888353981026
0.954570310169165
0.659238066365588
0.940920448368844
0.618748706122278
0.0774950599658746
0.790091516352301
0.242146481872604
0.523751454206068
0.260385767212317
0.0200247266423072
0.629582532509036
0.163138498628111
0.837611255626013
0.0687616151146412
0.218044318360297
0.190895940266035
0.486955083667745
0.112360024411399
0.922823478431824
0.430231434493433
0.686814376938536
0.48507128911329
0.878675052373984
0.815358365334272
0.0178583422758888
0.799156942776943
0.166284794065303
0.948970595350941
0.356581349091875
0.335963309433294
0.637102783022962
0.166757775548267
0.916853837164517
0.373448324097995
0.0974773690558399
0.0483611482420755
0.239933807048916
0.266986613286187
0.202142133937283
0.483451801577328
0.0713103916828103
0.130929593057805
0.858866263115251
0.290899706674227
0.217625088625413
0.0965912230762612
0.887426276173175
0.674735013709746
0.949284267122524
0.722616711502251
0.478296649865013
0.763867928536547
0.412165944190773
0.630180221810089
0.31307397704249
0.469499021055875
0.780563013991603
0.125562083034572
0.600890363846389
0.278338117188931
0.623806722286999
0.293175886521663
0.167170105114193
0.924422457779023
0.382921943619345
0.462824756960769
0.246284661463594
0.464162931528018
0.971284246058801
0.169683170118222
0.95096213321712
0.219968470381558
0.910217890474116
0.439371676854497
0.358921042810623
0.555884783880731
0.62620502599804
0.587775345699757
0.597733276708859
0.921267119199628
0.911730666603768
0.491549780355557
0.999686328228417
