0.987609192257565
0.686389806534345
0.6509764099731
0.211670929664593
0.131088664816268
0.913839186501614
0.890035322816128
0.102594973101558
0.401595556364206
0.0163407591247655
0.332433641577341
0.00499309320235303
0.174794301006382
0.654111620343342
0.607316959466467
0.555556264498996
0.990518815345372
0.981695841523677
0.450472250790555
0.610170913213012
0.552956894297598
0.682316199262774
0.816311067816015
0.737035520717984
0.674943087471157
0.712615425098974
0.985108736895541
0.949067379789924
0.208274745945015
0.555518022531419
0.900156536093055
0.820594251537972
0.657401152261254
0.551793249580913
0.999784357845683
0.732308520345161
0.642509626523829
0.317993244304319
0.900553021999334
0.634129129645475
0.396969897857388
0.216782485701508
0.396627050543496
0.440024247597914
0.359716128725426
0.19572105919743
0.93522914402896
0.972284515841065
0.507829712474639
0.635156410110722
0.768141512185401
0.305646411285571
0.0354108880438893
0.393159124717656
0.732295360291514
0.305292992994791
0.87007873871833
0.913940889255116
0.536727842193436
0.418473239717294
0.928730449606073
0.940967943026204
0.894320227156542
0.846077533832787
0.116184223031711
0.511839390039369
0.347591940941099
0.623001051425469
0.654327262497659
0.875008439121306
0.913046637975167
0.672525571041054
0.0811428195243435
0.81634312114508
0.213201015355625
0.33617440859609
0.285689148719278
0.376286820218101
0.377319391992557
0.479222028273727
0.777386281070014
0.0128242210544759
0.441237667315285
0.573118335834294
0.787376510346018
0.594510124807484
0.785183363494083
0.264242027543598
0.819497889289399
0.694491364850891
0.862229781626831
0.728568737268713
0.781265402110883
0.482079782282039
0.705398680039402
0.456001954831184
0.322462258544966
0.550549516710709
0.323840024566203
0.847876738686057
