0.848129118256331
0.312228092603492
0.317957253343406
0.632821273353333
0.722109772135555
0.0956159411443472
0.224503591761228
0.219067766898809
0.179958109362031
0.396120951695424
0.0196038442755136
0.49379191850023
0.536621497262559
0.057505813919709
0.64108695864728
0.915906228551597
0.499730275710919
0.321201891322249
0.0587010234867693
0.521674098224227
0.726656026545286
0.0833499133975012
0.80350316213607
0.959835897646768
0.0127786574944754
0.184477900706454
0.891260168930171
0.599063037242304
0.110944441105679
0.757199060524441
0.0137121500511245
0.735139632008569
0.0524467956518972
0.5294426533065
0.631092910017396
0.465158188466522
0.69486696771107
0.808416393961951
0.851008563698739
0.691760569201671
0.370006533046256
0.566115596595274
0.0842839181815665
0.423376937593975
0.674887520575378
0.368437863126601
0.191947240006154
0.723759588191174
0.840992823634759
0.789492451487804
0.956271679120265
0.0012603672227172
0.491848493223939
0.802165926341976
0.121220712140771
0.76477920485883
0.508724930467422
0.358121355696638
0.620042615858858
0.537631871429101
0.204355772214176
0.625440554518923
0.10812332579313
0.422759048837591
0.3824088016443
0.284464212266944
0.441345122848332
0.00717884395605831
0.426412903902313
0.175928770180758
0.221039260840527
0.691313881748968
0.47019332762351
0.366940454285098
0.151667565177971
0.160540429950012
0.999065995215935
0.380126224542095
0.28494837707139
0.644340794367874
0.9925306607003
0.167500580738997
0.758070213607545
0.321451989617875
0.800927381404176
0.0124517828284073
0.24329113878463
0.250280869309921
0.408221941165729
0.866313705158566
0.9564332579991
0.336745612014432
0.188373778103094
0.313376692269638
0.487404796987495
0.744565978527333
0.457992270802144
0.661524869343976
0.0409681359496751
0.390423308308433
