0.927092740278269
0.184768396050096
0.297346684288861
0.665064053454001
0.568453190647277
0.264957797371297
0.531067039599208
0.124908038938841
0.650498361164005
0.960680282190759
0.765713209642895
0.128598705925326
0.0731729786252477
0.975701821490983
0.5451012107288
0.0368551914751787
0.867370340911378
0.786671336175255
0.621831667433414
0.369957018815892
0.0411730734823146
0.191064253538411
0.598956902790329
0.560099198743747
0.219495512181658
0.884293648826095
0.502940103645874
0.156816635353871
0.879535657297604
0.407101586650639
0.702548159147868
0.337541125871959
0.33915808859242
0.894525068762957
0.717248054089606
0.807762264650204
0.870153896450137
0.0930061601535446
0.752998798970598
0.535969584032879
0.4813847432292
0.118383099845789
0.599782508145916
0.447541658974971
0.100600495515671
0.827834552073774
0.263572633389185
0.21267195661211
0.768275481540838
0.450549605512316
0.877195637615954
0.671320934626889
0.0396932019105615
0.671011117133783
0.349250234826119
0.736028486739857
0.585811493259767
0.737247485545113
0.445568541272342
0.684159541821182
0.762017693725423
0.374250404245337
0.245372381641237
0.243396774513366
0.258132123042891
0.428172083770936
0.789440617332906
0.178647909862291
0.258453767401378
0.737338946078596
0.166701295025042
0.774364180757834
0.033672537204657
0.0858620834005354
0.888572275586693
0.922789973636526
0.591281745392495
0.151415243815358
0.459498703228076
0.391660960107884
0.620721015436911
0.290268147033764
0.388541153813033
0.428986051785287
0.529905949034684
0.0312272245209791
0.297847923961397
0.668146971458638
0.545274833936838
0.981219567349748
0.221950771390438
0.132906410905023
0.647437618881202
0.0688392571494166
0.773951890307456
0.107134338983863
0.873010718204552
0.35638573363255
0.18940953593208
0.672428411744734
