0.0383939347408684
0.0849247235268935
0.954218189210733
0.0309365354622419
0.283848310487274
0.102831456858121
0.637648397422232
0.953831118510026
0.78243884154709
0.426460261189593
0.144746741347363
0.434396249444408
0.277748782317037
0.0539075811644586
0.063438526384271
0.471749546691659
0.985709250432304
0.81638632985595
0.713490825478682
0.226904898521912
0.130324159809539
0.121293645874268
0.633373075925453
0.277234200051629
0.515388174688159
0.0337948841200186
0.126926561876632
0.96483328005524
0.311910193093079
0.78143793660283
0.049779255431974
0.234896011759944
0.962005707883279
0.787070291483342
0.353267025367016
0.535796291910017
0.336049957823032
0.357604618350791
0.145137741298013
0.427074492176564
0.393578827098747
0.344016805451371
0.885708129911548
0.118814572747245
0.836472826002386
0.787554521946029
0.855157628587986
0.593530037716744
0.00540073076514561
0.302202343615798
0.121425088551559
0.0566243883486019
0.642894908153869
0.962504637410168
0.542104251935195
0.9171002888666
0.45155164760144
0.676983989159104
0.515548360774083
0.250053426367256
0.975904894981489
0.672815117366992
0.641920925416947
0.00100090494426009
0.376681005757619
0.909850729587418
0.47239054156113
0.490678490833695
0.700640555797443
0.527642234474254
0.135699588868627
0.628104632081513
0.671248588557937
0.286416333302118
0.833326071423165
0.786307354358168
0.235585515962721
0.514558503178208
0.440761374049243
0.72783365274213
0.178637255532032
0.533396524159888
0.959432549290095
0.00970784947728172
0.660012848051271
0.993154867083372
0.592001103606076
0.999501070473111
0.244966039548147
0.436166736500415
0.0842446443085767
0.659065968663928
0.842056257576708
0.895084314930758
0.451169597195075
0.720763709731756
0.702095880034424
0.884707224967287
0.742133566989626
0.926622096414968
