0.47451584435744
0.0285576754382614
0.844811036644881
0.851876282529848
0.161829590872782
0.517703562284682
0.527526357456821
0.830934097446005
0.636164632922115
0.46333438924669
0.25283761334272
0.666549503182317
0.683213745561994
0.75975324761111
0.246940303243203
0.846735923013993
0.393464566857305
0.049388285749307
0.0966816442537502
0.431438490483648
0.342118441286552
0.631282940335238
0.339965084260313
0.283069629353969
0.423239500924591
0.533697212829114
0.303080357286651
0.0179997859606518
0.449156865686717
0.401432319265526
0.59156528701613
0.419951790673636
0.752139456454729
0.379696915102981
0.459325245795457
0.420218425067243
0.0318550695813517
0.923291243577046
0.378505968199347
0.401567633916423
0.295150376528106
0.847062466594885
0.830009325328287
0.941055134377002
0.839401023853291
0.914632892662023
0.536493501875779
0.7643358352428
0.822268501307009
0.0763463098911319
0.783393819715545
0.953452362191608
0.913999360014684
0.541700832332345
0.745157580704036
0.843232904022202
0.688592591177948
0.561741407290912
0.428636781605257
0.628132378043669
0.214623204998031
0.509526571496169
0.381777231759288
0.234732313656589
0.871769102230561
0.832885822669084
0.914410046727588
0.303516830459012
0.300428001815652
0.82672187817596
0.814880853432641
0.470173323280259
0.67088231754996
0.695114010337328
0.136288113955542
0.495055974691667
0.80127361500695
0.398909949883311
0.443668605500678
0.508606608262568
0.997203710953334
0.53874452204385
0.195731284653643
0.372810555795585
0.61803849954998
0.638112924824521
0.505952430658952
0.210438624122384
0.634539334398946
0.616092341773255
0.731625833889295
0.47011366229044
0.494654461971789
0.750373590155679
0.186944428918392
0.785623805031937
0.465285234835597
0.595277011671698
0.0692860321464418
0.0065152011842072
