0.700505495863271
0.10077726938798
0.679826624542394
0.771566368533096
0.207637586261908
0.90882558604182
0.171662597996957
0.935651701379405
0.827356591274662
0.537126567464846
0.0665007513326131
0.500697228825044
0.362235550937352
0.257103108920671
0.0113746975601533
0.831219384368146
0.57871317611016
0.618708289516488
0.129431295734565
0.937902188365302
0.0426313867991005
0.0353983389378518
0.354517094024698
0.489897437621792
0.241813962460409
0.379615900749162
0.485141218865822
0.393643591736277
0.385304677479577
0.792652254361963
0.520692833476091
0.382192727821969
0.783753288343434
0.194000675898977
0.891687222240347
0.466750358914375
0.755667668653497
0.12997232569846
0.209308364526047
0.927687609068904
0.000198269263002216
0.324718168622217
0.837431806995269
0.266837289681117
0.195210265086596
0.529714124989563
0.597983820176676
0.0447319699659627
0.436458735930016
0.527656241565783
0.681777388640576
0.202722038236783
0.318156971278673
0.153476423189732
0.726122110488881
0.665107156925419
0.746260175363282
0.189929186920602
0.529752406072688
0.828021685512747
0.423684367175998
0.77801900626068
0.550347023899829
0.0347043369126992
0.0164337339887553
0.684308023510644
0.716943940481611
0.168234875038376
0.365415886680324
0.544624338645779
0.0755517157146482
0.4487408504117
0.409399924990442
0.201743686665661
0.9377039191023
0.717913218176883
0.197966531942583
0.0876798043435811
0.294687172535196
0.712099837470846
0.781632080572486
0.440409248899859
0.957184855806262
0.857648435913794
0.110874865721387
0.317970795239308
0.0640357565432953
0.630276865153702
0.467878565410096
0.226580065314928
0.720490183551093
0.565738481732895
0.600219919625772
0.3812866790133
0.504003241892906
0.222179263002323
0.774371144722389
0.80272747008257
0.250403555692361
0.510902241575952
