0.982683291650695
0.700760016078483
0.679296513870031
0.566410091038053
0.20665989779246
0.775672626577165
0.280874822885205
0.369423502762534
0.582860356933838
0.526445373206607
0.239707542694969
0.362223377154313
0.118593806921781
0.738214815844882
0.63607886789184
0.975565257005191
0.656715396631842
0.694646329011138
0.911434984259044
0.657256753024299
0.523477358987312
0.750750700361445
0.816716530274933
0.804649872614373
0.561866621748482
0.789909948962699
0.784395368203705
0.635672021021914
0.714875355695782
0.77717953025232
0.3680364072174
0.748860666411398
0.938959590596594
0.0858063740124024
0.313462798629637
0.353030250572148
0.0524103110900197
0.386086038493591
0.619925611941109
0.329508593459385
0.733453847343779
0.437735620158601
0.830957150939366
0.378921433994044
0.330687620365381
0.333168054154687
0.893497572696534
0.709098331029107
0.5172570922958
0.483855052610792
0.341852144497378
0.0196443609984798
0.942271315931469
0.160326965693537
0.900538122700778
0.23193259128925
0.88404348580355
0.874646641255658
0.0045434692895708
0.416749948829762
0.99127725837346
0.645202801863292
0.654548147066752
0.805680826681517
0.158408965989206
0.490846876283571
0.423263786557719
0.0327874329093785
0.424752017215244
0.283048617319692
0.923154945915171
0.270629358138251
0.0747207170700285
0.581926390799659
0.92380290568052
0.0857417388287102
0.919793549422079
0.437795096280889
0.473962252248992
0.228698567593796
0.896412376266165
0.0752970371745979
0.118414928726114
0.23102030308499
0.435327385754943
0.348392046218921
0.806589350479929
0.778632624903057
0.185268251311625
0.0815302073403868
0.468986764768598
0.177763669834362
0.381542569204021
0.203175663111348
0.338231335085924
0.0882510454804874
0.78318747309185
0.0252763242578489
0.220512468004838
0.83984074408181
