0.48188446903689
0.671121463026442
0.162977877614544
0.252743295511577
0.910023751626734
0.358217892869477
0.558696982245286
0.666707386573175
0.957516557517236
0.639715498145537
0.397305906469611
0.27945940768321
0.669369566100356
0.247297727152378
0.923971934674295
0.936807062447447
0.56099751291843
0.713611932803696
0.175912618719001
0.646878685172125
0.608549279909837
0.466064660561301
0.923347802331367
0.199514072015655
0.666473763373901
0.305777479105525
0.813876542641724
0.702974742605805
0.344759443004038
0.88463173428766
0.463514998305363
0.148668020567236
0.120432905443214
0.372032240206391
0.171268382655116
0.321604867615553
0.237916695064826
0.54832050881736
0.0870800838279911
0.520617897864719
0.0147551987388894
0.560706019196988
0.53647750547923
0.117856096996859
0.81482643252929
0.920768456496656
0.625894949131596
0.0524363555258309
0.270674899346509
0.03030930554043
0.432484050017076
0.862739379919478
0.574364877573384
0.517228177058151
0.129621087168167
0.0158198084755893
0.747773660695075
0.963463805598888
0.586269532137676
0.604246272521208
0.544341350227753
0.855722239639481
0.321947943569137
0.0728848232295759
0.176200499840174
0.248637885902374
0.159026502239996
0.297337325893965
0.0760293444972622
0.602367067058742
0.698890367382621
0.0126770041010701
0.626531848975705
0.655294720854282
0.632123486433236
0.0478432607128486
0.929587155082071
0.805491705334509
0.384687639486365
0.745705306877245
0.679882529973929
0.761440187115893
0.432299843259295
0.314450137463608
0.452147684270585
0.600775618385885
0.574303142993852
0.603204728385063
0.242411153038224
0.155448574179527
0.573831206920478
0.274452889465938
0.962050976679684
0.482833811306783
0.976276547636966
0.159032959099409
0.238758075627851
0.463592682249654
0.941655597156685
0.566188546626916
