0.793772613999328
0.0105163999882137
0.148647065809298
0.198202754463164
0.297221616048935
0.918881752956138
0.606451981517697
0.648674041800515
0.00394703075473524
0.917570117822648
0.162750509177684
0.536143644031204
0.367293859537362
0.628823145119857
0.846996835361699
0.898746875998912
0.88467162655884
0.295205927591401
0.126883511956261
0.569347481508435
0.178027474869987
0.42217868120511
0.288024590950471
0.403529407644425
0.462124057794979
0.275203278416397
0.178521588062179
0.898196281817833
0.824280239559841
0.0764587051591178
0.908418544525476
0.961386231687565
0.618817564853848
0.22206129563137
0.997550863305829
0.957795595264898
0.134742055616687
0.990504208947767
0.524222325777739
0.355206934900585
0.336442655109075
0.590920300032441
0.802840049286764
0.560968172066365
0.890770684876838
0.486367634258404
0.482532359884368
0.835236686205136
0.00801453041285953
0.283221725972007
0.445418185761859
0.0343886283386446
0.0142528531207949
0.288882267795914
0.173741873900286
0.371593932794218
0.722491809037743
0.745117658164873
0.736078696668185
0.022018337632538
0.740360164893959
0.708255699699864
0.824393802240674
0.927488325595617
0.00915157329717259
0.201364277490119
0.917326079177356
0.145232563905992
0.631272281814028
0.889201240096801
0.764004820382225
0.894167417611073
0.770983601813663
0.771676577055676
0.23290482639936
0.587107174837546
0.619338631918346
0.727056418884106
0.512758722767587
0.975756423536575
0.792670918532028
0.343284901857043
0.890181751404974
0.541058513587834
0.631040519397259
0.874029916186831
0.94713337856677
0.329935297057934
0.0483194217310843
0.625956930511611
0.235303786227155
0.389624397451814
0.254425512279582
0.502203988145201
0.614846770006626
0.628186955409212
0.766526497791766
0.875351723691147
0.551816598769192
0.689406407386719
