0.55310340437717
0.935399650100339
0.264885878779407
0.985431232948523
0.195507397500569
0.0761801773105656
0.206793662722592
0.254459042686251
0.155373921690217
0.872752047084622
0.368198444306943
0.379338604109054
0.204461391179106
0.242785363571153
0.178220705677858
0.440041742492487
0.507281524365433
0.754409194809575
0.674534198676485
0.694867725807646
0.997099251019349
0.580840454707313
0.833631784112021
0.0785577004209895
0.495345379456573
0.268661051648045
0.535210346586635
0.948416867735059
0.925236880744452
0.938798199844918
0.603920753860809
0.531635861625725
0.00635216106025137
0.402387109306821
0.843883204201182
0.79336110446293
0.664253397222726
0.599796735960896
0.290135391191642
0.661299787304038
0.371031252840083
0.368679886855502
0.342231470785212
0.0538932420564318
0.409844727911914
0.698354852245355
0.524745544197385
0.88143467525087
0.897829033386814
0.223117877367473
0.764777069801827
0.660771807963388
0.631551675792575
0.193072959404938
0.451878489205557
0.972262949669856
0.101767865988318
0.186328178358417
0.49008585349195
0.926846345852523
0.540969830723931
0.258376794987534
0.329222161941799
0.216575721845299
0.268831293223813
0.836562582681218
0.372986443048802
0.802074281872285
0.398902159369971
0.384859601214928
0.77578834526976
0.907484788404538
0.464273803617933
0.0132344113724466
0.323836472967563
0.628419364163847
0.238608983922102
0.779738542055589
0.668712972509075
0.796990527211218
0.74391550745066
0.653775671335764
0.0505878343482445
0.702119003376979
0.174021130043092
0.943148945897421
0.900084185833151
0.813279201655313
0.950508620101264
0.871620254531326
0.691593238474612
0.477925218864309
0.109710882468946
0.363289045339119
0.120329956580107
0.112654457852549
0.0394577249137022
0.125655748939913
0.785061948832619
0.573282145230697
