0.325368409196552
0.7226712623251
0.4825325158809
0.512969432171886
0.447329532097713
0.857292281397289
0.196498004345455
0.618317264420128
0.869236486437375
0.82345912504171
0.733653965747754
0.322029323932728
0.517615205849342
0.693095326280731
0.182930838401863
0.887194159388167
0.207788960639289
0.62710315856482
0.0425545918022071
0.325682347326392
0.936478396848067
0.559707241393489
0.851565661771021
0.527281904838645
0.693266362740317
0.297863126405451
0.797773905935592
0.100984758278814
0.89290445479234
0.211182015115014
0.588961639250145
0.112953234982189
0.99467659322297
0.0954308272783788
0.471622118014666
0.0212442451255602
0.171243155454864
0.537618402176359
0.254789471279266
0.316728848645803
0.746650941551966
0.281766921413023
0.944042715217938
0.127049495059554
0.137966288783572
0.369563914541883
0.960310013014968
0.416615556188214
0.180358206937256
0.23313579719194
0.90486549721326
0.412354566348882
0.0831011571377056
0.459379601506227
0.63680374838263
0.765661167803063
0.87110560055408
0.955250611042255
0.819703069431569
0.149466405692262
0.0595183754616968
0.0955132460666416
0.725412809627789
0.658054471322361
0.234497485791565
0.620700730765565
0.327352730709758
0.422184378570963
0.221473208266065
0.161686593276303
0.715951003933303
0.67017055846293
0.372313687285554
0.725825743156404
0.579031405774425
0.654711475435044
0.615664526175551
0.724516166711466
0.389315616055073
0.323702448198433
0.337553113390483
0.381158349747378
0.920626551341557
0.659768657600399
0.306316517901754
0.176607072901263
0.0298520778444838
0.535296991716743
0.458627078895749
0.705960950211604
0.150138644571481
0.215992544412609
0.71791533274479
0.105323065587004
0.257210473184106
0.651137695485324
0.556354111785234
0.285988243895577
0.89255200926799
0.517265558018007
