0.94426571901155
0.0727812662128272
0.199035299103258
0.490418200609469
0.641683326867262
0.11563751246577
0.304475854292734
0.540586216161301
0.953993531853889
0.98189956135205
0.162718147115185
0.20927431071609
0.0402554650978444
0.990722851357759
0.199486211966484
0.538467640773611
0.402004021407107
0.667902221282899
0.692500701496611
0.495897850718302
0.852792142821845
0.992928943127826
0.556922197135595
0.420196449579762
0.71743831304714
0.96753705850222
0.94450526868203
0.831538471780502
0.617414675940487
0.0344896484326989
0.551379841543445
0.31265816665844
0.97011817245284
0.592334016502059
0.00489987433184864
0.370665942025681
0.285651717468003
0.944786751151451
0.00428314786603821
0.175562669604813
0.154264844094526
0.78410484631737
0.718638040460012
0.262033088254758
0.473615950194009
0.53215277918249
0.752934841324079
0.566431476067021
0.136621926509134
0.469575045848999
0.876478944847583
0.821066210894411
0.190145119181902
0.0521386950519582
0.726570900867959
0.951336775883723
0.515859069077232
0.778838849523495
0.772979887562329
0.674146268365041
0.17113224378374
0.472937382512231
0.923171540220814
0.91950388342119
0.430519719808604
0.850059980456745
0.23915613826325
0.447921448595785
0.985822977025911
0.828820269940803
0.252815923305608
0.457217270255656
0.66361907341686
0.516938031891798
0.341633006623775
0.0686872965044748
0.274290902667814
0.294889108880837
0.946580499385754
0.18528553386465
0.214602217178141
0.378073792615008
0.694916545271369
0.147839630091488
0.158010703585116
0.730313630649035
0.122513047476538
0.917979477400882
0.8657631156341
0.0535630984481252
0.854806872948449
0.506812867944507
0.171806863589122
0.330136879500997
0.00443042582107262
0.681327461582295
0.860933306096556
0.799134157038822
0.831513368446153
0.623555969737263
