0.688923934329731
0.956172612475312
0.00740535464482631
0.280923959929926
0.0865064235806961
0.203319243715759
0.567649672072218
0.654133916205789
0.913337377325323
0.0081449160390277
0.113048501831036
0.0875458410417409
0.720082140397319
0.999124926980177
0.167325423642679
0.552099198825704
0.799469408951453
0.998895321506493
0.50081177591384
0.27608750540581
0.424894367542534
0.317322715333348
0.748251784009976
0.18317353733963
0.787626669177612
0.98595811193155
0.378100484320009
0.79770275708181
0.490934508149947
0.557808282579206
0.13435546920372
0.434612632465834
0.894222597076661
0.223904000233814
0.319074803646223
0.893728297619954
0.72293515956166
0.692656888483398
0.803258398921815
0.248323465813102
0.0399977318197478
0.741292075599214
0.0839651837404655
0.937488236901112
0.918287317696161
0.137313303135947
0.786303771560222
0.895706345744294
0.958032106961139
0.237082667293531
0.564046527521706
0.785021198347686
0.2016825346284
0.316712391244579
0.310749581694021
0.371601218996384
0.207920828465335
0.824231817305196
0.493297290752315
0.100548311649146
0.82521875939575
0.769946914990408
0.163199408055842
0.355529094746117
0.873789446835308
0.678435869365202
0.19332324396508
0.496178140163505
0.680050123333954
0.273597126022725
0.829164039264044
0.106812520468055
0.195636922584678
0.252488310100738
0.236089773586062
0.68360229194332
0.233357531592882
0.810763547108864
0.264886219643469
0.650313366041665
0.199654340371329
0.482394138575715
0.839670650120671
0.253851840856416
0.9937617550575
0.349334270856033
0.232930097837434
0.577510205832082
0.913154418539793
0.947473584649839
0.685807469154618
0.898703342256464
0.199359597731083
0.702710087272669
0.423104706417352
0.27005081682934
0.578092667543372
0.728436088994348
0.0636987900658039
0.239851448330959
