0.943990059170867
0.290125631396717
0.21565622241034
0.684434980938414
0.407918628029487
0.457234007053652
0.589384275763009
0.949194224527662
0.0806226176585176
0.6271472897507
0.138243687403502
0.397157281356471
0.559345597661727
0.84298392471065
0.900893971277817
0.342824620820035
0.930276264869737
0.909347567199426
0.361767339688617
0.524455175979275
0.445505771527768
0.615813038132998
0.583023721623711
0.732576538684115
0.587789656868107
0.93046069700758
0.907452922736971
0.492926835312008
0.829383603683386
0.966038956756722
0.105509624399948
0.504921442598534
0.74706475704306
0.02503477131251
0.706323306870797
0.909528708974611
0.266737916165375
0.155235669182258
0.845933212826929
0.536527748003848
0.759949995093024
0.283735873309772
0.496887588173564
0.286007128789093
0.809229897246337
0.288650187798147
0.339357744594737
0.356375673020433
0.801816115994852
0.0802800855973177
0.339774551959603
0.668745100343947
0.366668749305731
0.539243614086529
0.794345676803191
0.32817702103787
0.707101909773006
0.483079683726225
0.0966453240703071
0.477457931021907
0.549781084316681
0.0964574404510006
0.119810620844276
0.114583660901796
0.521637665350753
0.633322244804968
0.650092524313411
0.534310826349217
0.136660617839853
0.991365262303206
0.0760867046546595
0.775040595687479
0.0634143543724969
0.82523959168477
0.764505180886251
0.161769898217996
0.118925449959433
0.297016592834618
0.923346641437778
0.299139469069959
0.591102952412843
0.551077249716538
0.691110719317156
0.749103518086068
0.626264404797118
0.436764524056001
0.138252693292803
0.207821142956531
0.230689094509319
0.378146285832928
0.202426799201605
0.78365823243915
0.0585903451119505
0.368475281805021
0.986746663687167
0.663492554642024
0.163925252465496
0.382303927271768
0.76436946343834
0.175907652441369
