0.106110212908178
0.345019294575331
0.530036869705672
0.56783722134672
0.552381866403102
0.169002157714685
0.654835593725944
0.81546944510912
0.982598459339979
0.0685003213903402
0.353291953612721
0.810131471050033
0.40118575813304
0.43235220407711
0.579336554081802
0.896956890773474
0.534512979693018
0.351548436727165
0.634917562191802
0.0675417054759067
0.809331078459197
0.545291267123675
0.740631594201844
0.516461127212486
0.670154218874012
0.921142177153911
0.0339881894336958
0.0581525536524842
0.97882608928663
0.423794848576093
0.516185911612672
0.394853839834618
0.0918570398780783
0.551920820284598
0.418953722537939
0.444946483916112
0.747827595913702
0.755072830130846
0.693120133454502
0.821609917013724
0.905756270934714
0.276887358295213
0.204157587235867
0.902359495825302
0.659924903260509
0.0128939994670888
0.297634588227437
0.752483420424388
0.136717927705831
0.172819997730115
0.488866590191082
0.474020068754451
0.0676535787375893
0.11357215331568
0.351332844398605
0.560818945784503
0.604387700373487
0.013575742493186
0.897683002472707
0.631239689249191
0.135013968280989
0.59668304007346
0.83664335582249
0.558803610763887
0.552314409777669
0.958438113778102
0.718274431171955
0.849264937848442
0.0133984815391705
0.134390070165689
0.149129294859771
0.779440149562173
0.658428303272663
0.813307645178078
0.161785434541193
0.532443720163984
0.341133679887808
0.838272098376542
0.856536223951977
0.657260219406923
0.623507588926473
0.281504769009307
0.921434625946653
0.806006091556515
0.93492825838501
0.0421658428582204
0.327200261097029
0.978284886562398
0.200587975885993
0.858134776753436
0.840558783542625
0.734251853420516
0.857389827658138
0.0618804442053104
0.686595948732736
0.309073230861255
0.440244002472723
0.64535397647198
0.350045086047633
0.701486789482407
