0.914903294721108
0.411631136858664
0.124160440696478
0.381821358754216
0.320701189022838
0.733458977999845
0.167421184092491
0.467195863587407
0.426056958933387
0.782592085088879
0.187097610527229
0.795916770489848
0.871581105921222
0.0249154097516627
0.643261626662343
0.39291794523267
0.697572904032456
0.85248613071278
0.830859014220004
0.430104636787486
0.629993196870197
0.0242873802894202
0.745693165224834
0.672628525957758
0.81566809668004
0.797180168701885
0.66553938047287
0.592651737198537
0.213542064751285
0.332397258529625
0.00435870979184225
0.249831768800426
0.742126232824347
0.893354950888713
0.0816936861172755
0.656872145206142
0.331205319767448
0.830997410617302
0.529748909887741
0.109407814736202
0.0372053119527201
0.375440987933167
0.427093848319302
0.284008802978326
0.277197912930137
0.488714077271854
0.998580365441079
0.834232065283801
0.389883601753918
0.820328797595729
0.22346920064812
0.0414011753357021
0.928497888580196
0.533277546303942
0.066271469493523
0.890615914431687
0.66593797163383
0.45153191473872
0.566153262074177
0.523521020320952
0.0679195975269748
0.574769446893953
0.253653798836122
0.0936597004037628
0.778233375297037
0.937265841726803
0.0537905376655006
0.978226155032509
0.943221723634387
0.9863894814562
0.061712625465222
0.866575493415154
0.322737220825039
0.721451199483802
0.392899324834766
0.25455220893703
0.597193531970118
0.461684362246508
0.39543061302762
0.326954019408186
0.798599803260807
0.831307315189069
0.202768135444619
0.393213267155557
0.108928057881504
0.96295753445614
0.32133388022023
0.208848686520405
0.82708348139519
0.191077771685588
0.990934173572312
0.879673405028728
0.264844148543125
0.0062278895667884
0.0414882172092275
0.462435865058767
0.121787189097045
0.333434147915539
0.505775427681289
0.339932071203334
