0.932684646888024
0.944613118630188
0.305379244641112
0.567433082762842
0.142789648446622
0.00841741962750322
0.871274886592885
0.253858260928587
0.338121201069151
0.590093911900229
0.486655939597011
0.720472285393845
0.660219884319333
0.749608522630114
0.755422817429259
0.902548722411761
0.0490048183356434
0.662147064535947
0.223498935915296
0.43200902474672
0.549322674772387
0.573745224426382
0.0634939917658893
0.756781479696176
0.231927343752201
0.723188312129671
0.841035986245161
0.716724684795702
0.453634085344912
0.695628142773932
0.352766183369218
0.616892905261783
0.170240388331115
0.973276977880521
0.938648761687171
0.0404430986570395
0.698202328150255
0.791204498052227
0.828900146218436
0.917141245173822
0.58696733954687
0.607351924575564
0.57568596889064
0.965085889196529
0.896001768250019
0.500751327956445
0.0747066075330165
0.212536903197196
0.133000806967263
0.166478854215927
0.622213299210283
0.998228044713954
0.226855145407308
0.325391825905718
0.549964839848673
0.358939422461642
0.881119126864299
0.548597764944936
0.33550573901064
0.419601336316951
0.167381433382342
0.154550201797183
0.800224175583676
0.642493058295219
0.23732772853101
0.869763034335227
0.55023189706273
0.686942906438812
0.810959760942943
0.714979718772219
0.204346394261507
0.257800320283417
0.833246918317511
0.306357690741475
0.84504168519985
0.941970750196823
0.998059255535742
0.0984081025693603
0.860779711446157
0.731176015795756
0.648481704596654
0.628499083047965
0.58372387782844
0.287155231128985
0.0734148435636493
0.354538138655265
0.390037759854476
0.844848562425398
0.423312138031848
0.579709339225529
0.159323971792741
0.149604563205319
0.455698759041586
0.409298809901485
0.74975981179148
0.432417137749687
0.807127748991888
0.933192910595421
0.727758160665519
0.0262387339147919
