0.796554591877644
0.575222250807668
0.739184912638359
0.221554182107353
0.521997380313462
0.877683171014154
0.161284862626942
0.623105089470327
0.556322029585169
0.511865411657777
0.841138646863931
0.53271457810547
0.0670070401704903
0.489108465839694
0.771148154871142
0.482292841413195
0.676644391229676
0.834009290129882
0.88018712814906
0.044096427058846
0.849604483158143
0.629558096467312
0.917189586403402
0.0697715045277828
0.457148911644308
0.352490773122986
0.545531448230861
0.0748197483247238
0.960247835591551
0.276044318581021
0.613163434720209
0.786067724128285
0.611968665203065
0.40227024555312
0.42283351319974
0.262442855752279
0.565898364673321
0.320845333077407
0.771627566670826
0.341204215931336
0.521308116857572
0.0511959898523968
0.0920084636155555
0.572935086010459
0.966871980562281
0.842730672025462
0.891591555854115
0.721501731649741
0.40235397238394
0.955832857618031
0.330885779732319
0.111210800293466
0.0472365245443008
0.610913018049166
0.26493946521773
0.166996495410333
0.658032664404266
0.669413408110576
0.764405270463044
0.169506607190476
0.332151722783293
0.0864651143022185
0.662857253878777
0.280277711004148
0.898701976937569
0.0550709227356459
0.920745912902404
0.66473679461737
0.0662749526399537
0.508705299118862
0.916394476739873
0.355799058152269
0.0623817234590565
0.538982912217725
0.522788310201274
0.798408493305747
0.537549632851756
0.344254500392943
0.102899523965502
0.614418239618846
0.460899217268871
0.82402971658112
0.672465775940784
0.00441497797352028
0.945158538848701
0.501952634426743
0.738831199583985
0.00105564715389891
0.13733078033539
0.255837017789407
0.604410191348014
0.896484956562745
0.556440062614363
0.602120959480349
0.00905249314804212
0.434843002555353
0.38833873597362
0.811730752611407
0.674233109072891
0.911801057826635
