0.538335889362886
0.822969343430814
0.678476143012976
0.334631048298735
0.50856062607307
0.517707257306998
0.0355032207609635
0.116005213519561
0.119517325944974
0.222355339314023
0.813510302367392
0.73343308397263
0.284377826975834
0.199264068714932
0.218109834575145
0.179075923366042
0.366951964500803
0.651996659418566
0.36988585552661
0.807535878293
0.114606119745693
0.982935327097278
0.669104327759288
0.0451199715235829
0.0376415681269213
0.494884724959212
0.181492093569363
0.167823293324478
0.235825303586119
0.728843304202353
0.914441286080722
0.917915682735814
0.79936847267643
0.986496171907753
0.670438854336012
0.535497773688053
0.897610295981919
0.700571610452873
0.366526421330183
0.322321648859569
0.835915141662543
0.799051665141737
0.145892021779852
0.109143092813503
0.488538488973183
0.175600972108357
0.517052756863205
0.19197113401814
0.839910308755892
0.81779606492156
0.475186992192262
0.935206824883449
0.488669847831442
0.528874101829191
0.753386271071334
0.555400562265609
0.153865015671526
0.633356171489393
0.296989480171813
0.0136759011138584
0.336215163737636
0.867679927436486
0.880179909933442
0.390674021742621
0.3079140532333
0.895594619631578
0.9340646112962
0.297881655068082
0.52882521437892
0.682612060887093
0.281465627384123
0.66638035404793
0.285470238088383
0.0475642066670415
0.971620736630457
0.315554454603956
0.837043305317426
0.559961234945786
0.5565814825504
0.862040596018564
0.977831968096007
0.989520959551223
0.327912984568585
0.418029238664559
0.253656312010091
0.979234461197273
0.429245834904372
0.270494370847239
0.233109900836418
0.115038292070403
0.381632758016527
0.264254124492525
0.40358213028106
0.352850520216325
0.986106485121933
0.968235214226057
0.918871755208295
0.755218000037232
0.801229039580202
0.592943869341604
