0.64687525464542
0.954555654411463
0.948899481421755
0.418950635669264
0.161611418315029
0.385661428508191
0.0364307812584707
0.111564225569164
0.333857981643573
0.509899198780721
0.995535166932053
0.842842541096193
0.660741064539524
0.375690485060071
0.329590412941571
0.782821762274402
0.0218211184357391
0.94932326113308
0.933077756749968
0.376287917316094
0.65442068253384
0.251219147933283
0.779878286542314
0.767414563227172
0.93996722481212
0.0153049752187473
0.84571869850425
0.748017942415559
0.570703263660289
0.0790705401818596
0.833407741893738
0.0940077873384616
0.242267612015022
0.461285606707114
0.966787825788738
0.735382793347995
0.444006482345986
0.147796558750699
0.867388513808785
0.681440214943811
0.643742516005292
0.137643074215224
0.0586796431144139
0.0856379326831726
0.694603820189184
0.691753167981167
0.663273028872569
0.413773052121407
0.615857323452764
0.0115223289521049
0.842734126300893
0.302931132867435
0.979673782354069
0.238050676527457
0.0683414903787624
0.395656106712136
0.174677367869149
0.181484918194583
0.478983410857144
0.146306443096281
0.539942730003941
0.288412838842912
0.540860961908875
0.254787441461714
0.676491456886982
0.901527379593592
0.600574929081171
0.199455457832411
0.408902659271333
0.594207619593575
0.338815279928416
0.874024559685041
0.0819347473242948
0.251637541806157
0.732545401310802
0.516777608318616
0.19253950481887
0.694240353859142
0.0728107430379888
0.248214056830953
0.352031946346179
0.431945646382843
0.132160618962795
0.559180934708184
0.236336413880967
0.530476609026304
0.114334004984393
0.00421693548756509
0.392944116328351
0.571131719076602
0.560705425478847
0.262521564151403
0.668813147893554
0.721082070712504
0.14149748493987
0.35532967716238
0.596782112306348
0.8038922016527
0.40914647579619
0.793076440595592
