0.0911782388999957
0.463817571040158
0.00487039285007417
0.0216497038591885
0.672707049023689
0.968709566615852
0.22099638554314
0.728036240547912
0.505505275216655
0.551563882060146
0.203116601893267
0.480437014010007
0.108674175156594
0.230769354026192
0.794274496750103
0.107997083621098
0.156252219880117
0.981680027200691
0.0184510275807469
0.146014847860679
0.787193374609199
0.596357993593606
0.806511341504059
0.837770940194731
0.0335021941147289
0.0762937157770124
0.205211411791486
0.360852676611791
0.110140056866286
0.377215724148422
0.919995496012268
0.388647303166169
0.285093878062951
0.279734302442397
0.157035817930957
0.888214375306021
0.427075253532769
0.110510915103606
0.886473885684495
0.267626847265114
0.309480223483164
0.386297764436481
0.498711660270911
0.841380234268205
0.368015117183335
0.0802684114688395
0.153847388994809
0.438043793867363
0.926807573962401
0.033500401318772
0.199077457282263
0.615102085105657
0.785441174071953
0.263131627935512
0.00588306598639258
0.49482024530639
0.657306229536099
0.167099452655343
0.98814750974446
0.596413333246677
0.763498154824366
0.860143708931349
0.617896183681626
0.128289551068232
0.631568386047878
0.814469298727098
0.195343135947056
0.828939872714197
0.0737335360952344
0.906060121444082
0.680921830088329
0.0457413047765108
0.0952061415161966
0.750824180315632
0.836534624377515
0.400895610172719
0.0976463333226956
0.965131107235854
0.469755823011396
0.953233782645889
0.922446326782203
0.767167617924124
0.434045102649389
0.0766396555475144
0.17813826686616
0.304893410906612
0.603206129094216
0.0219622501274395
0.273851236456005
0.662215572624568
0.230908145769922
0.259975800877426
0.122363405359147
0.290060552437818
0.504128692440749
0.449336514551815
0.768401580754855
0.370422109202678
0.209811848220328
0.553545818456237
