0.349814865901049
0.869466626024557
0.188851486513788
0.739195839380471
0.53513076646958
0.98516313917244
0.496239640049748
0.717073165214189
0.615446365724991
0.9519279706068
0.66739473476419
0.710809300518972
0.0252767582541689
0.413336265558999
0.577249805711792
0.92083040854001
0.113718205650206
0.986376524430875
0.210643572830895
0.559843655005025
0.226147312776254
0.507117738252095
0.305581649442009
0.625251306512044
0.976855264965843
0.354172738899557
0.316826490367216
0.0274878260807543
0.952207870759167
0.632199908435438
0.23042689367683
0.00992581947237524
0.677452653961933
0.778784889159158
0.603750841041911
0.229073563231655
0.89477775566968
0.805483165106495
0.611198187159001
0.890760305752401
0.722586881705833
0.893460335626016
0.246976871158451
0.717786686363531
0.489729644493074
0.246332594308226
0.732417559126586
0.795551372131124
0.549912523268681
0.590311126592714
0.291576985871222
0.41851075804723
0.515604427324424
0.850142203201606
0.352073102887754
0.842697127648954
0.563884976582548
0.563600180001743
0.762340574414628
0.180958027570023
0.668336648805224
0.468751813968994
0.764865294455022
0.983246457289554
0.72150107692997
0.657468915291815
0.033356646557039
0.246491869095011
0.809585424517088
0.348176242480137
0.0260526528703294
0.30823504054371
0.375178337271874
0.319883267078494
0.837256773299191
0.332686977150239
0.260140867093644
0.587794963078478
0.13552166201897
0.730522670657617
0.621755179772971
0.521275118236092
0.477575302812073
0.361896744166453
0.340622922564215
0.8119161356296
0.494321392147951
0.827310450760327
0.426711786271404
0.761053713392957
0.665188586649107
0.331177575667937
0.0431425906918676
0.430240159588978
0.222423656947177
0.253835067736839
0.128595041170993
0.263730413868898
0.99628560943356
0.832260729201259
