0.212975947751187
0.485925690031576
0.985965947614036
0.201736280788545
0.564258473722385
0.983341945327512
0.043332420775356
0.195721160245929
0.0128854299024145
0.0193861257375153
0.58255626055531
0.97609001350407
0.428078517982773
0.0318179037570105
0.559202847797052
0.147061530569131
0.991176511156921
0.402968550288569
0.642623534725338
0.90958494130037
0.163147523143863
0.206046195796712
0.819780082823606
0.0485317111241313
0.682987655831029
0.694875077202392
0.265092449851843
0.944938177682896
0.0974596101313176
0.583421705562352
0.204091935979245
0.996410453224746
0.591509353644917
0.303260932817711
0.517546722906431
0.135829489741395
0.535309170622057
0.275839022023528
0.797638270444068
0.357280977236703
0.768583714854244
0.298600231902022
0.814425020857912
0.407325660533889
0.178497452837647
0.689098573145037
0.903099057685164
0.011324686934857
0.871037311791925
0.0753621263780455
0.262658556579919
0.725626490882424
0.62110687914356
0.0867006681331902
0.669113206057396
0.00692975195447437
0.66614560720797
0.937434236489904
0.518748624957515
0.869383396519992
0.718249495475669
0.0983942430924597
0.0982615501146119
0.429463724340062
0.81529418975827
0.586145807330565
0.384580659859153
0.124817585165062
0.51427118085058
0.423373358055657
0.611752359947074
0.715337489133392
0.605330279844501
0.285342557488635
0.141001226446126
0.864547291241841
0.3916211749388
0.412454422289717
0.870034258286485
0.993889082685993
0.791776019517228
0.253767762916986
0.0739008658909709
0.0220974837532721
0.320763148982433
0.478465445096821
0.375303574081186
0.504808685511727
0.634147726760315
0.510616970951956
0.469683882533425
0.597874934132153
0.757090397066013
0.928254873924076
0.639031481761034
0.670189471761784
0.20033868178741
0.38496129651785
0.592031470775619
0.592351645507082
