0.304517913285884
0.778281472520102
0.497053506084277
0.447663953736268
0.463609766430971
0.547321067446527
0.120296211037923
0.335764321654925
0.945699441687064
0.804565914815555
0.615308577015674
0.253691184918252
0.0673999782034196
0.524859542271523
0.0776073770027642
0.464481732558683
0.0244933772014889
0.0761640663613398
0.108700575357629
0.336828744661449
0.210842233249379
0.879771974347426
0.490669858404747
0.00365420989862374
0.953689475522232
0.0138774258149217
0.958247092067379
0.677075405920425
0.6463110757276
0.470811754684342
0.664208609454431
0.00665987842095079
0.820422951514098
0.277682612779402
0.689371169400109
0.0134945469971255
0.756714256832709
0.626236912154703
0.558487717322301
0.773442081535907
0.358169234058899
0.0395392524262607
0.559109243824663
0.829581811944759
0.895308393936282
0.215992697615173
0.530474955928733
0.232230854794491
0.850647496921312
0.174549749202351
0.645696094560295
0.12417461542607
0.27626072116022
0.25520272611417
0.381509412257704
0.424745938938458
0.287611614115355
0.493399296185653
0.493974478214036
0.449732340616049
0.589073975379148
0.443220805117498
0.689453245927325
0.474887687002722
0.140357305361124
0.608648698594723
0.433268233404154
0.789717365424017
0.835488372871414
0.0641128300056387
0.707767475725975
0.398256465046786
0.517676349039039
0.335258493821723
0.97865951060255
0.171302980823118
0.320662730522762
0.661088046459988
0.108345815962342
0.737696777907059
0.483402469886189
0.726016237272889
0.826427908999113
0.471761326525249
0.825115660124047
0.540033994028361
0.73039915726073
0.565220225399928
0.896173200521699
0.26462523046165
0.72588293288177
0.263314960647055
0.132262433940667
0.108755376706252
0.184368106156759
0.914948428941401
0.350086006498936
0.0842215568219412
0.689224506583635
0.286659695341559
