0.315884534416667
0.230134999486681
0.439876134712191
0.621981446455224
0.233337228295085
0.0342158898870535
0.185989581600758
0.0330437077363225
0.245409323016838
0.754749634188949
0.487312304082938
0.155688888931502
0.823382552165251
0.995764098128194
0.851818623417904
0.00452804705338927
0.947996621461584
0.800571537949411
0.165114977939574
0.287323374434991
0.974287087551452
0.978540026107123
0.716496019492157
0.495258229083967
0.502748981817974
0.679994891248641
0.142050698465691
0.866078727816268
0.576213728904824
0.797291936258456
0.329020877987622
0.222767781104319
0.237109993694867
0.819123677359486
0.916977516336822
0.165048075451072
0.705950991579309
0.766417233630278
0.490973089118941
0.396621534319884
0.104469035800765
0.12266602466007
0.72128440287024
0.378302133818298
0.949608215573061
0.501978337067169
0.572705373434678
0.358660310208174
0.90900359717617
0.103761190131195
0.338779390016002
0.257456014518373
0.742080393592864
0.773052140499024
0.889800975513552
0.337344508309543
0.513638979994524
0.944617905628224
0.11923246463725
0.553342337046444
0.892165191421362
0.31991085378449
0.456829978831499
0.448117386758382
0.425728756201327
0.264544522978619
0.918578895236635
0.0042588748057647
0.0787865817913723
0.686770547966832
0.298577055474081
0.181579387831306
0.30959844883047
0.76849344361969
0.182854338634226
0.851621062891381
0.257255623236883
0.338193885673859
0.545650013510906
0.000770644750804941
0.107289517813963
0.783390388257518
0.957075130640098
0.472452538773628
0.458512546242453
0.071564863469249
0.480687387511454
0.464057853195843
0.929322701845934
0.579633008027278
0.651409095456549
0.761333085951085
0.647184768993028
0.937630752072498
0.504456342898522
0.784558182016275
0.665836045828572
0.273167016111858
0.95257337761697
0.685063692594442
