0.583399441830534
0.568446498628914
0.279873728416801
0.222233049209338
0.805184134657115
0.157200002184696
0.947857565687903
0.973586949973175
0.590197801864798
0.0381799126221705
0.0800888850726601
0.175445094320665
0.398967892117318
0.118461819886445
0.446052819232481
0.108774803163845
0.362835723144391
0.984377440057871
0.989604840515929
0.354163892732078
0.783857135467165
0.454521042040792
0.0749361729598307
0.499153573764094
0.0353614525102831
0.537243969522996
0.534394618838278
0.371967696757972
0.264037100721168
0.398296156617951
0.18578501706281
0.984088607125026
0.385620508056889
0.860586320916464
0.417371202920271
0.538843019185049
0.503516659840716
0.73484208143076
0.667268404116513
0.301312544057757
0.123707297781346
0.507100437538279
0.873860051331045
0.891142789223764
0.499544122954618
0.475964001135884
0.362365193833767
0.528722949106583
0.491577932840017
0.395681539734677
0.421722458871884
0.681458605770701
0.283562175595929
0.598409484884892
0.901206557127278
0.128878399789742
0.493510325669083
0.780720154652707
0.186871596699055
0.267940165134119
0.622805383346419
0.575889868929931
0.709549849252007
0.191901645246847
0.852394895559361
0.0960002779476346
0.789824586263776
0.538381571200854
0.701090616966174
0.907209800047432
0.605258143323128
0.627993641713631
0.317109035941357
0.688292296458172
0.230456594950732
0.276756697928885
0.580660990709747
0.183793383736067
0.999609450809476
0.559397451374399
0.174878775689229
0.00567166973169505
0.880389763917955
0.868355560986491
0.976573697746067
0.504326411292109
0.700526431529097
0.787211023171996
0.959379763789186
0.288492803130528
0.045332693515966
0.722796505188009
0.547970484731705
0.399328238982394
0.678507160711338
0.547817428851415
0.797550588286273
0.681958406084198
0.0387478936644028
0.403543845006984
