0.526759478043187
0.789699110570224
0.966891190953036
0.321668761000814
0.728687780782901
0.221549729919783
0.120275084450969
0.225591376063224
0.665785838694212
0.601237315498869
0.362152704206366
0.108429758859998
0.757650688177743
0.518028863481259
0.814583448141154
0.132787749698752
0.986064648249217
0.91541653681333
0.365331917239973
0.179175770459313
0.956821504960219
0.415246604203827
0.407965549457802
0.294093503288037
0.11834762390626
0.274446217936671
0.82605890129975
0.633561369792354
0.0946219419569811
0.85150088595762
0.0728621404025993
0.341284678476529
0.192644566387238
0.182808066337746
0.545698635534243
0.152854259662728
0.636265756392975
0.381884239791839
0.242383652013905
0.90440281429533
0.930539166522463
0.649366454989354
0.648003503050657
0.288934221160102
0.759016835949857
0.978064427142062
0.74400944437087
0.239239111188445
0.470333367805152
0.175567223306544
0.0934593691925795
0.637733603658962
0.604232354370985
0.684552632125352
0.916389558425355
0.11151287383936
0.381733561112421
0.672797687664999
0.203321137094554
0.454241562846229
0.395490828620033
0.486713714658615
0.130969434106243
0.814284952736592
0.528375175096269
0.0208680257298369
0.91578519247276
0.574842621839998
0.972330227947016
0.661729188478426
0.496521993305777
0.604180408457378
0.673032884799425
0.460929102944643
0.248636603936849
0.307455049970865
0.76724310115317
0.1190313282977
0.53507666733818
0.140283196764199
0.530436773565801
0.586819790111305
0.163228001987202
0.919054718650437
0.75804151676504
0.435128536743637
0.737052324105544
0.508091934261886
0.266418507912391
0.434185761694883
0.771120698550307
0.963468068727976
0.178563102697284
0.788142089167676
0.508911985675298
0.443825451863848
0.518397020883112
0.833718550314064
0.760559046063833
0.73814881022002
