0.950519430893715
0.387763701094204
0.401577142254253
0.418021088195043
0.96213245995442
0.364412978926866
0.164981126396442
0.920497454665833
0.480350140705868
0.60799408965185
0.3608801669259
0.782711024294938
0.687818053498779
0.604329723214884
0.771119631720297
0.538882350334377
0.570826323968743
0.513068944454691
0.56907821473157
0.882789589875745
0.479725274480751
0.705383334637332
0.263630768406964
0.231250421717414
0.555655746979479
0.0547418310561878
0.802101561241831
0.423948108416026
0.556597878949995
0.412624547450163
0.134843001204935
0.0648663449403207
0.370649941903842
0.834540977531365
0.780656584902041
0.26071800350245
0.226921940793713
0.165702789633396
0.325022771174564
0.709001864636783
0.189557012258823
0.469540305188643
0.36449842171953
0.815318048379998
0.21882917229963
0.376612947497802
0.461786509706539
0.851369035826702
0.638179178181188
0.210877461457102
0.861590813780944
0.294058804537197
0.364114695863852
0.844968570789773
0.546513459434041
0.245136096256383
0.12413293268724
0.170326720536839
0.862365341215565
0.907390628898233
0.562311417685035
0.741033017980416
0.363899575715838
0.067725593255705
0.473151088446915
0.296013821985579
0.412061082391097
0.853277075967415
0.823673138312843
0.510401628217847
0.311960409540665
0.405123534335347
0.188046173280126
0.860076350094786
0.693232577616923
0.0101849692921084
0.340884912917803
0.448312720026967
0.0124212494177843
0.179042799481676
0.592955321349648
0.950732525415128
0.785768930234839
0.345720417492893
0.551033733669218
0.840784196667738
0.700751649076469
0.525681371114068
0.288027518097324
0.535520488645658
0.13658507081521
0.056595220256874
0.303337448417832
0.417632142276332
0.146690446951748
0.448523994278407
0.105640729472805
0.296772828463825
0.342166959933083
0.922815350314051
