0.964551865106706
0.608509433739125
0.0276958975138589
0.127777549963341
0.898917051916438
0.456467279445598
0.106012631257071
0.504038345769066
0.15173599317285
0.536328490141932
0.90425118333858
0.675820212660274
0.157905471119054
0.683322541733888
0.314435307548584
0.611578892269907
0.955264087745577
0.018179158222945
0.516691859586487
0.632366891779176
0.59526217290911
0.886379711277028
0.565249557870091
0.288152649667185
0.373816557402637
0.255365189283791
0.101786085917515
0.770414031003795
0.713385903143038
0.244708583338516
0.904544239819303
0.0441120844539777
0.106145760093884
0.0896058991037337
0.214490934374971
0.984445887610524
0.923036627901269
0.657991380271498
0.446803365576455
0.0945664542236209
0.734771565410668
0.196713303307403
0.373945377941218
0.751699027955392
0.631269305307078
0.460764858154936
0.89868974913782
0.620014906683944
0.103196834727748
0.535111554681841
0.49325990653283
0.0874615712498601
0.780080968877338
0.709800068153907
0.327553177404941
0.0781721538296771
0.0432598758690338
0.739543247846674
0.753960992560704
0.643551862632647
0.354681193528083
0.335598600253276
0.790652442626028
0.907027409834334
0.631784250322629
0.860139098884603
0.56967445256639
0.0682995720153207
0.468831607358917
0.32998941993806
0.688542264368638
0.297272707474079
0.57137579264649
0.422125405362866
0.897595326368509
0.398548869601706
0.51243433333581
0.813550529914699
0.656883344360107
0.913051699247701
0.356675440145971
0.481771179233571
0.667217196276047
0.178274348461197
0.751448676805687
0.817082668569443
0.264031115576639
0.396345691939977
0.762052721698793
0.136318780545294
0.94118601174149
0.183493380054596
0.904030387710794
0.803251502943808
0.739885260695538
0.399172965157392
0.406060860681376
0.466917968106884
0.119914777632763
0.771130206422475
