0.286552902910185
0.89844366763646
0.671633784040638
0.223351216979023
0.292894695090547
0.00879513053633046
0.918534297923806
0.528455493752125
0.0974731306068009
0.109899518131232
0.108392653571625
0.0716451872473793
0.71566895335711
0.913197136443666
0.578547444463962
0.453155365983562
0.587235996773111
0.693439411787987
0.569084163554518
0.822855128358516
0.411907006712587
0.296170519337137
0.445157058744299
0.236423095332656
0.332423730442498
0.44912588244729
0.309329753420004
0.2859468624396
0.253093728447842
0.495625762499695
0.100734293973415
0.814157344314343
0.100204734644017
0.875244963856062
0.454673894427099
0.546624894508452
0.00877464563063097
0.33180219090162
0.486643916688228
0.44017074836426
0.0495311422504164
0.450213614129561
0.461733666463631
0.135722995798906
0.83785823305969
0.599131797719343
0.500231860904131
0.358421946111332
0.717836471143102
0.47192816970494
0.202690903191776
0.652862530040025
0.00958413631170249
0.686254345200143
0.938620351226358
0.990382383573047
0.453286608892161
0.435210688707983
0.890927486536525
0.843768812643256
0.699465377116327
0.632587435484206
0.275361765304283
0.601847368107106
0.00916522415781637
0.294235309257282
0.971440452603363
0.840423989501048
0.458523242016567
0.0319225499555108
0.444380720352931
0.255433805871491
0.206795495099759
0.128913415190258
0.7733239861081
0.961693392583026
0.834436852873506
0.309434062945393
0.398564862272965
0.733291932723155
0.948894021543159
0.950907807308672
0.568110391296498
0.781165558742902
0.292934859307918
0.44787176393339
0.804573208002641
0.413950389443874
0.936624612629704
0.464291510854052
0.0933382856162909
0.573563956922649
0.440874704365095
0.642875104044972
0.740705371247933
0.41694370676621
0.174851848825278
0.859886298356525
0.126557771641089
0.543622923802409
