0.62769134511598
0.659807871403083
0.899898704094765
0.685913921187592
0.027547449352009
0.947257097320285
0.446067034940267
0.880670721121445
0.912930359092043
0.976926958643332
0.155945530699541
0.143852545946768
0.0366458264350173
0.15763555381337
0.894874791100097
0.748557569807655
0.0644770441877083
0.494196206561381
0.308912508799188
0.561293460224426
0.489662101254641
0.557490063159489
0.903799376871343
0.994231731162514
0.93858426433922
0.870816763430283
0.814559101506397
0.563920391054787
0.388208043942325
0.35638027934189
0.786841543757749
0.974550554516982
0.182876291304303
0.854941938470556
0.105600587607175
0.289086150140076
0.0510091032139068
0.882196470108906
0.753618109390893
0.345677761987633
0.00180472899312374
0.923902486881196
0.501020030351831
0.959697653986373
0.308345980154512
0.949485739669523
0.536918130487631
0.283239150551725
0.748000312944874
0.992147801440278
0.352466662578502
0.680655642263897
0.550973789557337
0.565264311416663
0.0539608225477677
0.0702012819564907
0.75600849453174
0.905666972932251
0.747329656848372
0.156730685921726
0.132697995813888
0.88214664388548
0.49246267717912
0.556550079750153
0.190085414885583
0.181394976182559
0.960976254642464
0.181703887964461
0.0520349662061943
0.605788640960021
0.697548466593748
0.182280574078802
0.740578097170488
0.963234746811555
0.559488731231302
0.565759614373445
0.0564700328076584
0.944101722884971
0.685885751008003
0.989098524669697
0.333898632942652
0.531319950954672
0.815920078109913
0.396060242502047
0.00391361676338763
0.106185901493852
0.423576764959645
0.61761197988764
0.800981115922789
0.0353993056506847
0.533077655608336
0.145342130281656
0.134866813260534
0.596887423469167
0.212979766173744
0.119658085107644
0.431439809702076
0.944469950601677
0.76961223910079
0.126951003971952
