0.47691847685581
0.11001255787444
0.597374916820496
0.615863352369453
0.89341742121308
0.0565761300067306
7.08783045741163E-05
0.989266269835302
0.106905513958496
0.501226004912158
0.477015049884568
0.15731613252187
0.390302207037016
0.19008252033502
0.719022459685347
0.229416754203577
0.984912616659381
0.296513610657544
0.926993044059255
0.935554808441342
0.215122341744193
0.0564333061019114
0.897909061470027
0.7309819584391
0.354478465092591
0.0301521364739873
0.501616400900118
0.173475333104597
0.615383948951673
0.588641379302666
0.603955347372198
0.784662146020989
0.0600110986549459
0.973241316142139
0.330333700557395
0.465213367466449
0.864862420067593
0.621745377602868
0.67389029109566
0.847270039304751
0.0896918070920239
0.605355982019266
0.310939748916281
0.946031177391313
0.997156585565375
0.925221703911769
0.966221179797417
0.308548070168378
0.477340941539659
0.890140016046418
0.478361548612994
0.86262021673034
0.839081794879903
0.264868820675122
0.15075887886377
0.420485170753899
0.212103496404413
0.866392958381396
0.261384887276862
0.863265284739093
0.554959729106612
0.826595545199977
0.373882320883629
0.51826413465583
0.897270657539959
0.69235290386358
0.0973050338669238
0.417060890894877
0.859748819777625
0.253809092218899
0.364554334135984
0.363167239056512
0.622623319561883
0.0797230047545037
0.845863001349318
0.609766359724927
0.74549355718563
0.951877884078714
0.733825372873724
0.429256761180822
0.0639309566765702
0.19306833073174
0.696134391564938
0.725243932905255
0.110279830689672
0.741335130641859
0.945580351141086
0.795142277979824
0.822482437278369
0.909848529803496
0.253109871062036
0.998469461686196
0.360360490326006
0.810625006356568
0.292310310198139
0.263096261892047
0.231473661135637
0.792675614260452
0.0487605198513533
0.304803681701796
