0.6303818604628386
0.7892690112389358
0.5742538499563989
0.38841950449470675
0.3922347021588185
0.7083285321735492
0.9044012025358033
0.6595621031823864
0.8357045783708379
0.7587869268549894
0.24514818514460301
0.1431273305821249
0.6520537693384275
0.9191110396723798
0.1854965979449532
0.35089799210979866
0.2670150987520167
0.8186073787685771
0.9485206180717881
0.9784465505487415
0.89604982437169
0.6876665138023466
0.9803435280591689
0.21541119234580575
0.6175511062180657
0.13220436811704928
0.023627528917232632
0.2836705700104891
0.795810226144053
0.02627609145233334
0.12116422433528162
0.6931935105648415
0.10841499680415112
0.21625262000160872
0.4336290949016536
0.24537992708823908
0.6368509544376565
0.6606134962130761
0.9752904762882144
0.3849971267954848
0.9644277964153039
0.09132447504620556
0.3724398437619926
0.10435553417981258
0.9922548345668014
0.27593141445826064
0.531536853757328
0.23715685933522035
0.23184095748487754
0.4839171527353625
0.6675388416097087
0.6444863270753283
0.661996028935293
0.816531281969903
0.48761179813219535
0.49171011279548105
0.8480624359416912
0.6462169008519196
0.45139543018748984
0.5425781011638077
0.913106655582539
0.5299233027654492
0.9362222982496866
0.15562089600676776
0.12355299237176953
0.6100061616307867
0.8241670432121951
0.4579693347276126
0.30584199355702024
0.6970824824280386
0.4975287197657211
0.9930139426110632
0.04604930573581223
0.9411201571909809
0.48032524778693475
0.9908602351802526
0.6410004257566569
0.24020717722240414
0.9956061966175646
0.29432556694049594
0.06726995528701352
0.31085889820216905
0.5218662052939742
0.8882617544678715
0.813554526920623
0.649386216969335
0.026568222057455015
0.9262771017449557
0.2822605386753987
0.45076117481018474
0.9307618840158869
0.12647022089408455
0.6077493654557465
0.9195811849175605
0.01600951097510528
0.4165773939054235
0.16153419795013568
0.3071464518213507
0.42330824024837965
0.7489741026204775
