0.7188242703198544
0.4393296965191459
0.6134236592311598
0.07726049526836143
0.2461638139954072
0.46183118991717775
0.6590266628993146
0.5886994069192061
0.5365144967236499
0.022576163489709145
0.521252232134897
0.42056506199082866
0.46598211875956064
0.13542568626262164
0.026774741875159158
0.2534993140085947
0.4754889599170956
0.5250363246438049
0.10622157519805564
0.37126117484857313
0.9910460528683463
0.3396177551137929
0.48072305013015926
0.003795033835912176
0.8878800014353085
0.7365016648083355
0.3906232863940835
0.029331444074055968
0.7765212827058343
0.9948494535470115
0.14885350049056645
0.40127365600157605
0.8430620946774247
0.4904899958537554
0.2711949187261662
0.9869122974411709
0.2111437484462042
0.07979315056335823
0.6866363322076647
0.8575493329884517
0.30983494010337465
0.1826485074104437
0.06325687468507712
0.45340169676542663
0.5294136877334197
0.12903307763539074
0.5985412958025076
0.46169412568404333
0.5261677898668033
0.13931553895826754
0.7177621880600774
0.69263960621945
0.8976792672623041
0.645358889918173
3.959196721114999E-5
0.7155448588098217
0.5916611301719106
0.5276472690980042
0.308914819407779
0.5260676886005737
0.3342651999028038
0.24307699621167667
0.5427529302978384
0.055691816056587906
0.5678817043556749
0.7487155364397413
0.6400132574997472
0.9057738600463734
0.8738033976645676
0.5887465668763132
0.47540567502785147
0.2910561664325011
0.6217274743698179
0.5049832486872428
0.06517537342872337
0.8113287381284607
0.6359212989139506
0.45574576172181835
0.06323651059239455
0.33496167595118576
0.9969785111145496
0.9835633186819192
0.874601014220437
0.9743195914686578
0.7084443762481873
0.4590749902136997
0.8385258251603822
0.8606076036171287
0.8491902548362595
0.8466676361394532
0.8410281708721806
0.18448843092708456
0.005269156342838643
0.2868032303052074
0.4048950139966556
0.7588485071991352
0.22908532230571177
0.9706522448107178
0.7750395727435664
0.18138029009054302
