0.3801835098171318
0.4416923100105894
0.21756990178436908
0.3699941723742126
0.03204439909922274
0.9820935518944838
0.9192018061371712
0.07645337643098005
0.9933698963920389
0.732832878378381
0.5287931183015505
0.697403279381192
0.03318462659382382
0.12375080720734077
0.10470611795261364
0.24253072536243736
0.9875864640968675
0.49698669834961573
0.0030682070412425544
0.5215506202767091
0.6327784086700763
0.4244506000762621
0.12818087059965488
0.17147155992185492
0.5353353293911628
0.35614510376475084
0.8972392570904609
0.3217331581447057
0.8306637403119388
0.9030780277851758
0.3903401541777267
0.05300729686348471
0.11596454494109709
0.2704217312188142
0.9077327632146464
0.1579947153261615
0.16061006747731466
0.09973882387400756
0.6884931117717321
0.09633724461968052
0.9346982581667707
0.25350751164423646
0.8582797395149091
0.4508051265654406
0.5356486734897743
0.8808445391337317
0.7685544205044367
0.6382077121883786
0.9530561228570128
0.4402375635932545
0.7656287538485687
0.106015531517615
0.25362000871565527
0.22326250101621525
0.0851236913721436
0.7544698197754073
0.6908179226387559
0.32267611883597536
0.005905727247384807
0.8639956066133376
0.4480949300046374
0.9189373172369417
0.61728996923682
0.37902281887922673
0.20969017347604868
0.22112580833057338
0.5542771211535484
0.0018593148635105416
0.5198254342891905
0.3913895307834139
0.8378175180731311
0.18404877955666898
0.9388302989073338
0.30646749133577333
0.5205725131700193
0.7676851747659984
0.3338815771495106
0.06549806544744774
0.18336931871271256
0.725445042775348
0.25238518244895725
0.7402368439633809
0.45352290847379795
0.17563742573095742
0.21763063012592088
0.981972672591188
0.6234242332161368
0.607360720274404
0.9592000708531457
0.7488440613043701
0.13627109306252427
0.04089444136431619
0.0447147876057411
0.597922444570352
0.17554453878638754
0.6697434088712518
0.11485416326184339
0.6983429415803525
0.8458100705091836
0.3832903433428848
