0.9401836037264725
0.9649269408006572
0.4646494798804922
0.4528024537900639
0.8161790164068342
0.48615544568361446
0.2990060299563456
0.578576383287468
0.3919376265844948
0.7260157311206188
0.6739516531918363
0.4422948906967523
0.8884161977550904
0.8161580378104544
0.7578621626961991
0.8862080975215201
0.8036390451126737
0.6229632079104785
0.4852122243370982
0.8495404829725692
0.6251703391015152
0.17353623582712885
0.01667926097774497
0.23256472016533258
0.774246180994522
0.4553043896640635
0.8559711129174917
0.9300719168558634
0.9913138958481493
0.5658133715993384
0.24376967715773334
0.3785068818050348
0.6393274994172848
0.6824781576914024
0.7314086737794803
0.09482662313817614
0.9489996229109788
0.346459937770496
0.9003806587930933
0.8501788184160743
0.059311859272881295
0.11050428194825046
0.0384948099789717
0.31778617628550654
0.8169374226707022
0.6874897223853854
0.20948342172460255
0.26196184048677906
0.6898308479724262
0.3546003125919004
0.5600820825270615
0.5939699557377663
0.8230915833591732
0.5174491450973555
0.8970843269268357
0.9104844898095418
0.21930988423036346
0.01914476031465573
0.5365989386858478
0.45168869988228777
0.2609545194054955
0.9912056759806923
0.1787140835898806
0.7685963350509057
0.3089639116321904
0.7863925749991194
0.09299909490116531
0.7729649876316932
0.9095535760258687
0.8079420561601187
0.21375156027470132
0.2582113178558314
0.22035423968193646
0.8553493829995762
0.8386236506261745
0.4260260918374761
0.6273469276247746
0.9437621789273224
0.5002382532675065
0.4309270716061985
0.16566254140788872
0.42221073846278057
0.23763211068368795
0.46377611280972975
0.2801649162247668
0.6153151046873029
0.9328397481058402
0.43532619164405206
0.6658385716733106
0.14377246901282137
0.5976583485287856
0.8921531714505024
0.41335300105348316
0.5408433887794009
0.4966104543697559
0.39986599083835306
0.45177757801774077
0.7752184829720806
0.7743480531380488
0.2622782349950874
