0.5424915725505992
0.6113903972641731
0.03616870731686628
0.2189698761281429
0.9550899220873635
0.043586641519757
0.47549151747853435
0.13364664646112845
0.794813571060705
0.7236945562542229
0.3081095183364908
0.6219447269522795
0.24353013036374094
0.6245017247123976
0.7688753138202536
0.4193384409484262
0.14609165732605134
0.8594553097416184
0.09702328693162088
0.31951715960978444
0.4807996587694098
0.15931954318850317
0.01569492362364744
0.7969630689350113
0.7164676269586387
0.13152597585300219
0.0880672884157403
0.7768610199018753
0.8097739525757692
0.8930676712296477
0.5675468319309424
0.08899221523706369
0.01944931722521126
0.567201792092214
0.2979671060582406
0.1823024275966496
0.41794404044418
0.564889932535043
0.9394558371249782
0.7481243018533572
0.9665732666181676
0.5338190495352032
0.29661320763783094
0.002572858509567455
0.28673831555125384
0.35100992929885655
0.8078694804432158
0.5124216041315323
0.807674995127848
0.5594347548004016
0.3183673235518565
0.6138067377697382
0.8002806539508718
0.20472837624692097
0.10344007948990308
0.6693949452908611
0.9169237096441678
0.11499315530161414
0.735734198769731
0.6371900408978696
0.24874064083284564
0.28486028642989203
0.7962505433942739
0.6829426540545245
0.5847772293618954
0.1743852285971904
0.6180555612426785
0.8581658964075487
0.5114322900110319
0.4140184765277126
0.22114041920885064
0.18704954999771517
0.2260136450449023
0.6188075383977573
0.3478821845317923
0.8581036791051324
0.4548177202048084
0.7581492820002488
0.0407881460300511
0.6001525445070405
0.6639959019044571
0.8018267145084695
0.5176805668916427
0.7373376697563047
0.8305717338624689
0.1687273447197256
0.19420601858923447
0.8640790168383109
0.4013255293742457
0.8415556835965764
0.5795300524173755
0.5584815840300625
0.7088636503317334
0.8790148791320903
0.4283038889504498
0.06146406888044764
0.037041759691252896
0.4563479602143252
0.9704673411756282
0.38892529225734773
