0.5753129976233932
0.3104605670717949
0.5897857782915457
0.17604288605102525
0.7693579518308287
0.8650097802683138
0.5193201479490768
0.4119519565307218
0.016187323658046537
0.3072297360276087
0.008919911637248368
0.4448111278473351
0.610529004119059
0.03689597399530542
0.9175974351392758
0.0188568692399399
0.16836133214172422
0.31077527403691096
0.07004331603552505
0.2291305821642603
0.12846496770406302
0.5659294183105107
0.0485649186476802
0.7252759259933104
0.05991447399994987
0.5722510996202086
0.8888803411311168
0.6897740639835319
0.8465849835518329
0.8302782698141984
0.4427374849456569
0.9055888707380441
0.14885095083706157
0.6859969353181402
0.5150552205146023
0.9244827637573069
0.15300579533498737
0.22125696819052232
0.009259210452945532
0.07480353686455399
0.5105319771378649
0.09658880928815616
0.2217125184005676
0.8063310279453022
0.5422039559517107
0.17262406487611148
0.11461685273546163
0.6598121509421662
0.23610663115930453
0.9169857669821037
0.8664875528291579
0.9701010503867726
0.304004416329391
0.31542941326494534
0.2502814047221109
0.26436118908639317
0.5770974153493531
0.24917901106512585
0.4214832934138487
0.20057431572254425
0.32005213330286686
0.07481682871386264
0.511934278881329
0.8066409361316292
0.621296978681156
0.4487497510662193
0.01990980324990055
0.7266457308367745
0.8779228602453185
0.2751886432627225
0.36293409597690174
0.15840060348519802
0.5351320397832442
0.024742003272602453
0.11704247713717686
0.1751666522342975
0.6630292580528124
0.5701383005864686
0.4046805484862338
0.16449604245570226
0.6576507620881777
0.11625649569836738
0.6131554810079123
0.18842337862257585
0.3384787807331806
0.7635572149274397
0.12653132075120088
0.171775409742706
0.9812900892670096
0.7371721496075665
0.03608648825092331
0.9591568919310278
0.37303936144153227
0.33832235990014037
0.8579287669127499
0.4462096654185077
0.8045790015992894
0.2304011508611763
0.13108899116297368
0.1870306172024222
