0.6843755140212489
0.7920777350060654
0.7173824495779358
0.4005560369294421
0.7705418185378169
0.9279267304626576
0.3175988342987568
0.4727079107854475
0.6961294829576771
0.5692468597777982
0.9524608346681853
0.5307245700149598
0.18898602289880606
0.2683974599102924
0.4273479758869869
0.9946178180930212
0.5856251509760374
0.3349455773970016
0.027763864918511683
0.5711096943518305
0.6706662114271569
0.6298607909437235
0.23578678069621095
0.28166872244464025
0.5806670640342231
0.9671708050029345
0.3300201629041759
0.018310256254285506
0.1998705139645598
0.4658821816199804
0.441583708390618
0.4470161127342962
0.960736861636643
0.6568838185098911
0.6396614021366379
0.68116682243245
0.7287365908944817
0.14271567463949142
0.4023504713524395
0.7811698831107524
0.4987283399058112
0.1324984675749351
0.3920307694840549
0.8015053466286717
0.9593493887843352
0.2299848679663561
0.7992013161852359
0.8027003297428758
0.592197058526912
0.4396062794595229
0.6447071958510032
0.973281906929787
0.8641813163830139
0.47355365850830744
0.337506227958588
0.7655480563262378
0.24428010762570274
0.0923446122034226
0.4736017208924619
0.7390343733565413
0.23003082397525365
0.39199336072167523
0.3314942981720044
0.626844119181431
0.3044425931385677
0.6628140659581148
0.7704817801170987
0.9925476141147316
0.7606158645578875
0.688052030871567
0.27036333722837613
0.7291466720140221
0.6292070900344361
0.12495151406375904
0.6645802197391522
0.5666381820656776
0.5229783017958408
0.9165327552747715
0.7135521586593042
0.701000478439487
0.0730221823631213
0.5192650297721376
0.040944984096142
0.6349650674488467
0.7728557208711946
0.09998665129921613
0.11283166804669564
0.3297252617704117
0.46942640654502255
0.7548366455165655
0.8781856029888682
0.8067723913590122
0.444176655029098
0.23362716808412531
0.40887107212424567
0.4103394017303318
0.012663962745901647
0.6149996751165955
0.37827317626957113
0.04347057385670805
