0.5952533006122428
0.6806463263987634
0.40808919176253955
0.4006343141958325
0.032337582983300917
0.005673243770432768
0.9686386335805617
0.9352854535768751
0.6118638782101969
0.2968638932111525
0.01463483551546918
0.7113456409045924
0.7850406817792651
0.39275444774513457
0.5889147882003214
0.4711205470136074
0.09647990041383436
0.15151152831762504
0.5084635199138005
0.2548228731875465
0.3157707573320474
0.7829964072650126
0.502958027796546
0.3074966624861626
0.5781794378313169
0.5008450768777374
0.19570393182380574
0.96307715020698
0.5918780870213046
0.47506352024184595
0.9575134688022703
0.9162615198601175
0.36070809835903617
0.6838014928481859
0.07129888689839925
0.5516542441258602
0.5443344450875459
0.4123821380678837
0.8336327882323802
0.28969064853680027
0.5317496299061127
0.8283290559274716
0.1892532643340975
0.23013052671402434
0.5394364244093162
0.27304620311297
0.2454679837492022
0.7264533828488472
0.5621014556978693
0.653970191364862
0.5456381400370595
0.9082754826477978
0.8017420451102284
0.5954287243603797
0.29439996438783333
0.5839483251022333
0.27991113261031864
0.8121028611996078
0.8220075454405321
0.40178680978083625
0.6983962623309165
0.5059047710373262
0.45115772304334867
0.6259148175941176
0.25513008434086526
0.45524694625650375
0.5868842084355154
0.39150473153456944
0.045001972702914395
0.8650926960015146
0.288584486297248
0.8442265216263027
0.8793409649457101
0.9768418482340698
0.8029701448634264
0.14001136052036678
0.8431928098623697
0.8990196785216358
0.5377070024672109
0.8837732797651997
0.6761147288776743
0.11290138103415381
0.7377388668145116
0.21952179069586408
0.11006351642731071
0.6316177394196293
0.6897645348208757
0.44933772444654807
0.6270537407031911
0.8469526351546497
0.6250649644220756
0.7549726901123476
0.709614875680372
0.6849566087852529
0.6168532961546179
0.32337277192287794
0.5486772465013403
0.8096644745121983
0.6755476858352448
0.9362151386108585
