0.3463687445115353
0.263619815297626
0.9338430481402354
0.8735860846723542
0.8053052495510317
0.11457246127527398
0.28318453283065714
0.8032174899744968
0.1313099100924734
0.3896297887684167
0.0742219369166438
0.17923812555472862
0.8930972985737271
0.8213060543390396
0.526051235975472
0.5581850103451674
0.38031079612479024
0.7043287845255934
0.302525520919687
0.15505962606271817
0.6804022385883868
0.46772461625205175
0.3086443279677703
0.9085019457523754
0.5551953760552952
0.40362154791228433
0.13600703845322482
0.30169518881208435
0.33957527618383876
0.3623683349965189
0.7435425673080289
0.19440288232102576
0.5075984159581552
0.12298599852843972
0.898204014177834
0.9615787348600215
0.2554185806286098
0.5786302601560696
0.6200434383783195
0.30527922336918534
0.4357764715322848
0.8386582324694528
0.3770586916045404
0.2091475830503562
0.4454015565565794
0.8420559100500192
0.05743095773117601
0.6385271477738634
0.21452667995743413
0.10139823394814407
0.8102474578251422
0.7543009241292274
0.27681741943042903
0.752176433301257
0.6905312734350988
0.604843387905831
0.008369867914881035
0.16924218477232766
0.6703763228834498
0.4880094544780099
0.5160317848381516
0.030281818669642413
0.985211847694387
0.4338750052470167
0.3281539494609613
0.85564800893353
0.9726981639113859
0.5489818055472788
0.9949799102751771
0.7345402781790661
0.5314808660524599
0.28412934552931124
0.9412339785971529
0.1594401376366239
0.07800832704769145
0.040294645597288126
0.43006875495279484
0.633869976995099
0.41184307317828805
0.9110506271797985
0.29538522510571763
0.99295991595911
0.21337461763814958
0.7748922611921144
0.17863993749188134
0.18196962996215427
0.9925680154434264
0.3971691586467284
0.36660524361384683
0.5748277482285209
0.18335807056939513
0.6788620405675205
0.9681502115280342
0.7829138476844443
0.7355273149723616
0.6982296607429951
0.09096155032447117
0.30372341075725784
0.9943805684881253
0.7313920761016262
