0.8832251740086682
0.2897197744113983
0.8782569479230847
0.00920469703201332
0.7906407656179741
0.1795905172646276
0.36489593072577853
0.5703171664474068
0.14574310187965878
0.9272912060856275
0.07990087600912232
0.20409981505262753
0.25435582951239
0.08867175188990373
0.3440201905032073
0.14215951751249478
0.47310446057873545
0.08114633593333287
0.3806922796914163
0.853456244945755
0.3822672301427086
0.5187807433674714
0.5112778098952839
0.025570087569177447
0.04984400238494857
0.6433354575162707
0.07262864519373735
0.5734577955322988
0.5555747851916462
0.5212171431138161
0.4801197363944786
0.3070774195724495
0.39774125881173716
0.8569547800757554
0.32899694631944554
0.7105477720532914
0.1409359834877274
0.9857309372596056
0.6778697450795447
0.13804946638476
0.6795858012005361
0.8506628872534883
0.6904052104761825
0.6154625630723853
0.7898672553396858
0.5449422946063085
0.6247552608009946
0.3517753786451798
0.2217536026936714
0.30460571834820993
0.7549766130287616
0.010588011324293434
0.4432844395933475
0.6746233754213673
0.18467879891569572
0.7695729472461458
0.29075064477548485
0.9391564467307747
0.6703624713432282
0.20454462741343005
0.20133864461665174
0.8062480528740819
0.5103866138630413
0.07482829017589765
0.4088800643075341
0.7678767827771527
0.2752302751917741
0.15790820073060985
0.46870370414374896
0.518215964575642
0.6556902396296103
0.3838738109658899
0.7441891109066785
0.3061054575437723
0.9878832515413507
0.6539718292391522
0.03547171575647201
0.12215733031320208
0.07739784667089733
0.8926109961495522
0.359852098833188
0.17658060080922133
0.789667160811408
0.0784557660360562
0.0038124531521882554
0.21072427543860273
0.49961098757831834
0.2277837734978777
0.35814567539175013
0.8035019112677516
0.9008213814171486
0.5620712160983029
0.7205535646594233
0.9832754312777598
0.8630436188071691
0.3818093486155004
0.20417261236425388
0.13643911643176798
0.9964297040122432
0.48984439916356337
