0.8071575739246151
0.383777675837806
0.17415607740891392
0.33761270734216564
0.7038207791371127
0.4129542096663691
0.030465398832873802
0.2828066746605107
0.21185251187246812
0.23454088857452926
0.48768401816059304
0.9283429232545282
0.5364909912817036
0.9828391308127624
0.5002859115885304
0.7420023982863974
0.9674268203191232
0.2699230479986273
0.5584914307698663
0.4614927236325338
0.26417544388310177
0.8906656749638853
0.7705358010616934
0.027517427782755455
0.4731521679700833
0.015230922066012176
0.041450413420962895
0.7234425980581929
0.32662688769469117
0.09074174506781119
0.20605348280128022
0.2828216965187629
0.9840868177183428
0.26074857570586807
0.09982303303750839
0.4535789116222708
0.768137746980747
0.2292863626478706
0.4585521239124447
0.2664398445468339
0.7199251025445742
0.14572280321529218
0.2261622106588005
0.04523790738095479
0.253158399976838
0.2672638751728684
0.31977772493221057
0.018013634772583442
0.921173648780463
0.867897676321063
0.15214093060541678
0.24036306027840426
0.3280703104384767
0.10572058421803587
0.24367335587636252
0.42628078589872076
0.5128105066879417
0.33500485261468405
0.06996578903190409
0.1967819625113716
0.7142701944451557
0.6550301206105438
0.8852062270196605
0.20287659024621607
0.28558329242771563
0.3246155477340821
0.6380313333232643
0.5570091624559451
0.6677213805498714
0.039453658060117025
0.2535133399235826
0.015864509467440002
0.7551030154598904
0.9687605701289492
0.4934714090986627
0.3974812488913074
0.6901288380139156
0.878421492634254
0.3270224812300486
0.7869020790017175
0.10888925586584075
0.6297248656754924
0.2442636906075889
0.18713002894585673
0.12689393435948948
0.8359418337094312
0.22820443139519853
0.4059482472327698
0.9015234624916767
0.4834224270851929
0.16354360383131916
0.1342005608871616
0.43700513620959824
0.8795435051211515
0.30561277090206973
0.36741851745139
0.408066401480897
0.37675802282392434
0.058784168252196456
0.550220076445611
