0.31932820939989326
0.627874388194425
0.7306914022302682
0.5723981204808694
0.6363720238688327
0.7920672548845489
0.5092364628763133
0.5872044005415774
0.45949421095593546
0.6156570715463112
0.3556842646692223
0.14007979198789144
0.7592752444043358
0.14939172341850726
0.8805745571390872
0.362239481870677
0.9226418535210176
0.856352738001615
0.7725580630722726
0.49373896073985246
0.4485621441983243
0.3271409783150345
0.955712286851108
0.8181119726334751
0.9459574166877661
0.40211429195547654
0.5405445254943027
0.7725086093480598
0.8388901678473687
0.18508282124569608
0.5093858947685145
0.21041441641080716
0.7006899361937965
0.17603137725706763
0.6091074681369951
0.17782114599120702
0.9365296363864585
0.024852706743732744
0.23756622858161824
0.9787585823832113
0.6130673391478544
0.21373904161593504
0.20491427366593862
0.7523857217411569
0.5941189240363669
0.31279416127293425
0.12688266223843525
0.26137910550927945
0.7829299425678157
0.321591279074653
0.8643762464015031
0.10014469202177667
0.19446520722742555
0.008817110746270562
0.8621938893680029
0.07141916571307194
0.7852374174412943
0.09280576929103479
0.45941395125084405
0.05111521032455968
0.45354677821439304
0.5676806084635267
0.24496197320497515
0.2638046654535555
0.3896056073669574
0.47298610629611726
0.3141040940085231
0.5250224377683763
0.0028733663572284573
0.9291059972264828
0.8450859070318211
0.6716129813441175
0.9830292518332365
0.31642763430549004
0.7598637742216262
0.09763045348463584
0.661360541338843
0.06312713916191337
0.3588508981767645
0.04084251822711438
0.7309472639628538
0.6246133546135398
0.7268287949067365
0.023677073743719745
0.5568745445370918
0.8870833968336624
0.3956495029239222
0.6424896256592506
0.7618061582944335
0.4083058199825026
0.21908191246870512
0.7203191788940299
0.5076037941854313
0.6206622152409048
0.6661311904522255
0.6908384868145543
0.9102786435080713
0.36464172642505543
0.7713874950417429
0.9649942121371283
