0.6444474102115859
0.2526580209227186
0.5010993056383062
0.23531322197320703
0.9811159747578683
0.3777628822835424
0.46479700884820485
0.0186195719383746
0.24999946304170007
0.7229067486984484
0.22772692710440456
0.10806925668692768
0.19075378314958635
0.30190095576158493
0.5445257222035802
0.5611770327086086
0.13996086874240232
0.3484288521265906
0.40017123308137736
0.800686431229598
0.8841371619454352
0.2713007584752589
0.95222118270153
0.36793627768472903
0.5689565149069439
0.42090552802822556
0.31126367524512544
0.5112424703863262
0.9242393884930821
0.37294330660491526
0.8766514389928608
0.6049310579327818
0.17461194597122898
0.5224393742423009
0.5705676433379352
0.622197677193044
0.39734018988292275
0.3992019084062156
0.7206978729088527
0.1437573824451991
0.761695820633307
0.26530141750827485
0.530259881773402
0.6742880796591948
0.038312005626280676
0.23581304041000506
0.04386848171319713
0.3599600140826966
0.0023390509777722057
0.37597747075441756
0.26869006751489677
0.5528820011338058
0.8708110804670977
0.97109973894216
0.6425678374628162
0.052085692886179924
0.7124869322694319
0.43992006216656565
0.35427489265087087
0.2657062342911295
0.8475295714942508
0.1678536543433039
0.11577946526647742
0.9853088439143927
0.61474027808267
0.8734122119397414
0.8623828498039753
0.9408480173384892
0.5256649468538906
0.9892820084005449
0.5138170714088205
0.8135364841626496
0.7477421305011871
0.9389492022298827
0.3678660712478672
0.9239393575009623
0.06276295708648139
0.12042583333912371
0.9178008921199321
0.38389828688406524
0.9322660079004811
0.8705447577691262
0.8858952783076506
0.10342946080128057
0.06809027012342295
0.6764555615227724
0.04751549710053815
0.6775281527901712
0.9541621482890383
0.42536764110086
0.9837542440718883
0.8428519845529352
0.09469329683709748
0.5392504410682231
0.24530495350449943
0.8905435966296199
0.37431785228163217
0.4281153406683067
0.5362499973554836
0.14899311745402632
