0.32341325407731447
0.8953970851413964
0.7944361874881012
0.9468712028624177
0.8042929682155473
0.8106349772313097
0.23508882278006216
0.3116047695852776
0.9373381275155855
0.18502738711953814
0.2271701892390775
0.1357031538362493
0.3310297292482527
0.5644948173802267
0.49082408853665926
0.478931908371955
0.5273726713811738
0.37312629171882694
0.9617759000520002
0.05695094100659004
0.7670421403454482
0.7161650739566402
0.935717772041722
0.7151838612936522
0.03871094219963733
0.524403028794003
0.06695795211012112
0.5169384760619795
0.10765604599282963
0.4784909442517137
0.8427029766326759
0.39258625414011095
0.7665953063327584
0.176085634347242
0.21781720286564699
0.4616477845039466
0.38080605829363157
0.5604193448162742
0.9396317667258023
0.33592002990356595
0.9099291759964553
0.7157905103554437
0.7183507136528515
0.9393206622541156
0.9804639451600485
0.7536393152989167
0.8058290429273768
0.6389133622886632
0.2558100938048524
0.6622852709314135
0.7339738646637559
0.7716174474059969
0.30481553594849753
0.6740685722947053
0.9337466278958138
0.9723939042746541
0.4051395157830673
0.915550502520833
0.7067204840483845
0.06223924728513208
0.23434242928869498
0.8495924760683676
0.5533738225590822
0.6381074976893416
0.19946554220842505
0.2925475000736828
0.1757776176849558
0.9219196815844838
0.23496473197716616
0.5954616916423244
0.5670602936855942
0.8721095181830262
0.25921471525466044
0.9150975249356262
0.47601097384421
0.038692563695126525
0.12140106153109864
0.3687548592675137
0.19240808140405197
0.15163552545430936
0.7934693488656566
0.2662793111218923
0.037137214807812624
0.9723416927578418
0.765902138130704
0.5433123993051594
0.16088846101058762
0.5093567598166535
0.09144632356876325
0.9817508202045813
0.25619976296438907
0.301939141302765
0.2875141165896127
0.7965477292845407
0.5698403955046146
0.10892754983832709
0.3558340277210845
0.69240145738587
0.16600371974842398
0.00537790552888695
