0.5070279319274039
0.5495422789352328
0.7355063951481131
0.5857302093975358
0.7881433704481942
0.48474138228739294
0.3721667810124156
0.6998057873782961
0.7027710401517917
0.15183033508971666
0.6447622746206082
0.9067239449929869
0.0862290634809324
0.7954335682347283
0.9814419632643582
0.621866010378512
0.9523975223507656
0.7522801097054083
0.8531970785499786
0.7533042084684549
0.7641377453502547
0.8063753702271385
0.4939687635906198
0.47665156506767026
0.5958331497690444
0.047477278968840464
0.9271992562094248
0.681078352889922
0.9544390035847521
0.6567356502522638
0.8821084559375821
0.5342790616473889
0.6045313556174003
0.3490172451700204
0.7777054977217618
0.5604641384925731
0.6031953989842387
0.038353601737729726
0.3285204073424284
0.6029882437624696
0.8921965548270177
0.661112168144017
0.4832684243200771
0.05201723700885863
0.21772807660524807
0.9909057911859448
0.3461352881498003
0.7576740958922568
0.8521310033666042
0.7099194575520562
0.4500992842355973
0.12039399072226376
0.5773339557731231
0.9632474172230165
0.2526813669007153
0.9527568116337162
0.6563613775640992
0.11599746732537575
0.006742137334447507
0.8408555671074172
0.06711085278854512
0.4573341188435499
0.22242050153794335
0.8982968310325388
0.10170148111753241
0.1512950164888912
0.7810355236119538
0.0022201006773026055
0.5450467447100223
0.8211307428641864
0.38774968233810814
0.8282604154080074
0.03790716337933031
0.7720807533594063
0.4570180167097866
0.2601686127209203
0.9025293863191532
0.006912992585716093
0.7133245966536798
0.03984260274948215
0.6630797895433983
0.8692188308732274
0.7594338885325943
0.8448113080027415
0.7284327494205054
0.3613685092376533
0.6153614955582196
0.3327533921098531
0.22147454748495332
0.9271969621919796
0.7634951147660711
0.07642031477878519
0.7369362656149258
0.7639034944696208
0.5487733332891425
0.7273736647976901
0.8888697456179179
0.5333130933734855
0.8775559399225268
0.19323517662801615
