0.8692331405324494
0.6795611050884701
0.03479688426445127
0.09068678765098381
0.8806533045634646
0.4284271422361149
0.09635641798041783
0.24524748282886089
0.2292842943583261
0.9429580188781238
0.8517666819078403
0.5488926371622089
0.06778300677645588
0.040683883741271964
0.37249078216546017
0.05787052109644519
0.2637737719552393
0.3396452462388758
0.36169213388133337
0.8156097587696032
0.635776341844917
0.6936132894614001
0.20375755912867954
0.5194006448841548
0.8464221848658164
0.3012994300209443
0.19529424655571903
0.8145722734245238
0.5718864743563858
0.9300144089087502
0.7840468563859287
0.6961762614168648
0.17681417005953726
0.28115111807094384
0.768157992942986
0.22572759592706348
0.015620373211951977
0.6430295100742229
0.3154218053294512
0.529340916592601
0.6538965096645256
0.6260560347992349
0.3506566749646326
0.83364137597411
0.7577557559416997
0.9558140677626353
0.32905002826027663
0.11711650957985031
0.13430256127220386
0.011615635121142054
0.6643044707422456
0.8071157338626138
0.4230124324169523
0.04120942883242784
0.11264128473758139
0.8364931355990257
0.23565999323258413
0.7567532576526416
0.2271935103336432
0.28892716453934353
0.121535036789155
0.32282406330112823
0.592047992708245
0.8082416865728476
0.5950373180659828
0.5841520636559616
0.9211716482492344
0.9245902340939586
0.6043428587106688
0.7489297908403348
0.2646843848319652
0.4591553430557008
0.24268607684790067
0.6429611307697606
0.5034171793143427
0.20905361375003217
0.20790317407144343
0.08057918219417781
0.03242083900296899
0.18542634789704993
0.5012345327713053
0.8601757911617788
0.035066882278983136
0.7802342401747275
0.12298453881548033
0.38535039838515006
0.031609553265615986
0.37106439621464526
0.07048951067621978
0.9370984862810815
0.44955333226703553
0.03829628872279067
0.7729459170798351
0.17812574919765434
0.8078978582557712
0.26526271175763994
0.2080019799805347
0.5572865184204312
0.7333082017424316
0.7195809347000793
