0.6141322843908127
0.11576745469969951
0.3793838568037393
0.623627546345722
0.9531895565925566
0.46843475215537245
0.08528493162659545
0.7735209936025451
0.7194004532208634
0.46582044336334305
0.07235625777734811
0.3814691580522206
0.4851024744762802
0.20052496658685837
0.22245570982295337
0.7506806148218437
0.48404048087109663
0.765471432027174
0.9864818270495964
0.12123318272798689
0.25906545319224816
0.05836296538308661
0.4503584147536718
0.20631254836696478
0.925770340468504
0.0588656421199254
0.21545787126571891
0.2079059040860225
0.183685463410732
0.35198556803089676
0.385730094292575
0.20309463233686198
0.9732575041816902
0.664271796649152
0.7360307069524349
0.42587823112958234
0.7246871351753923
0.7038913083565924
0.6996180856058363
0.6345021532553539
0.4738026972919118
0.6512865258040209
0.1575160547699508
0.4505500337409669
0.7304982007609224
0.23403904554758204
0.1384152929221728
0.2836006591082254
0.876865911500676
0.4377286303681476
0.4450130314737879
0.21403856116890996
0.04500524926961169
0.5539893814111245
0.9111673339103694
0.9966464281577688
0.8785910032020678
0.4476295365868834
0.4639685617095344
0.16889696134061372
0.31763615781054233
0.6365957334672953
0.41580784965865136
0.10039981611134297
0.5624850273593255
0.021726086143662227
0.4437478135936943
0.7037495037950672
0.670925433719974
0.8776506655010368
0.5269785153942976
0.4420585556898048
0.821408640164416
0.021862300363614473
0.7078675025554726
0.2147492931957038
0.13571875071024664
0.9158942730163467
0.9180894732433118
0.6807168942740648
0.09603377327419282
0.8207058078136402
0.2685478685583462
0.5867652922858679
0.014172816548204459
0.027790411481981137
0.14027698493886054
0.709256697451885
0.7149248904501456
0.6181855520654093
0.13323989550477744
0.08820431458527966
0.5807069967115062
0.16347740834953173
0.43091419714165224
0.3355771417506501
0.3713999325377789
0.27605699778170045
0.42078370460278947
0.933374723734579
