0.5477813617855813
0.179284167227019
0.661764381357008
0.4114871649811721
0.894181713256853
0.25653569157714384
0.34591428800474744
0.42316033413307175
0.6339381271717361
0.9104559008588509
0.30247455481548635
0.4788333520620959
0.27541738266727334
0.7184201436503259
0.8520825040085017
0.16461022724658037
0.20090364053205778
0.03482852312349538
0.7329492814073502
0.7815799866708585
0.7181563267078713
0.08016725743860553
0.6366977088942489
0.0413696124439491
0.8962705482056401
0.1967960296689235
0.06928965785292607
0.125093521007132
0.853595588708623
0.8388748681095368
0.6935676052759723
0.243913817139932
0.8383176673917955
0.013257844212972825
0.4984113738501418
0.12946451486847588
0.3964156978699561
0.5688449482116704
0.10923812945567535
0.20368180882242803
0.1570495145067029
0.9437980358436522
0.30554968128071747
0.5301219731289857
0.2820420698159648
0.723189796342131
0.34345841514739595
0.032636995952819214
0.42396863142555297
0.6340701015806417
0.9945987647363894
0.8823173846263814
0.11646734787376678
0.4105968521924822
0.3075587432744644
0.39990093900646795
0.8807372160149336
0.2987934410887868
0.9739418754149155
0.2983845269497192
0.9737912604016221
0.8386585274966443
0.8383968359240149
0.5993659709529787
0.6268839561378857
0.9607680415898637
0.5304283706434795
0.09668143317074851
0.8266337089463696
0.3651732673159811
0.41552979341901
0.8121931027301476
0.17671270019624474
0.6123133881047053
0.06415411793679038
0.49112090538606434
0.14457792332311958
0.3488239108103567
0.21926692083307886
0.8181014290780424
0.045568960250243706
0.6155379755109331
0.8067011748794988
0.7001953825172089
0.4457994356506636
0.24063987140408283
0.8772604076323017
0.6593552687261064
0.2756206200096736
0.9078456834175467
0.49549339000473813
0.10440282290735547
0.8370375082698625
0.6076491682426535
0.4972898592778824
0.011355395860757178
0.06130892569296198
0.8290850848678085
0.7269237987055114
0.3309798040424996
