0.8270649538429892
0.030126791596286173
0.8338967131512648
0.2637403509972176
0.8846263928187876
0.6367482255431577
0.9609104220978278
0.3948478368341173
0.9488128857037399
0.06384529254513394
0.6865252603419549
0.5659044489533693
0.8203773120458212
0.025624847622046643
0.3995363056194071
0.27467940226501997
0.9753063144041465
0.7087342956690252
0.8768261342962508
0.3408384198953003
0.9215776435874005
0.2183184981088826
0.21243054684388707
0.5529898791987199
0.7645672551879771
0.07535474312020962
0.4027785929863682
0.021199114887824222
0.84515022918589
0.44303072675496713
0.8315461269426105
0.9991615209767482
0.01864119528162944
0.19059448684557834
0.6172880292928727
0.011514368381835505
0.12807170139160318
0.8650194483081673
0.28799093019547883
0.2243058656710738
0.4919033845664288
0.13399126830483854
0.5289148052919065
0.13042954592932432
0.7741272650001937
0.2881381137974679
0.8135684439857798
0.786870804671295
0.4338012679099137
0.9460893075703369
0.5723905396663148
0.0369016087875943
0.061429633535847294
0.1928615048188136
0.17968393508461267
0.3778984635057503
0.30118902353112
2.3604034391067064E-4
0.44657844312106354
0.394247469572669
0.7308584371952134
0.9272046241650409
0.49627275112201075
0.9648402462360909
0.025410771546606092
0.7792248149945323
0.8675336298563735
0.775952224754269
0.9655762435783743
0.1169409959552069
0.4434067889195409
0.02283524947852711
0.36928855863326204
0.24819017010850863
0.33431981371444963
0.5671443287249872
0.821777440566568
0.6115264388241811
0.15823547310767894
0.2323583601383865
0.15917127317271274
0.265161750525162
0.2552385331200685
0.36564313877385535
0.020826487751409162
0.5321346923830349
0.24991745806609367
0.2721441162513265
0.4272009916941282
0.7206831917771124
0.032127410288447455
0.6364857392347338
0.2629411971794601
0.2382110722698012
0.6651991805432996
0.5862928014800322
0.7489527694192203
0.34790220227143853
0.9503832684456968
0.6238387945146838
