0.47257812351160045
0.2789505712540442
0.3772968857757454
0.25446483030799927
0.31160415965940313
0.3945380464709698
0.972366739195146
0.7742021232059185
0.6356755380965318
0.6461063060433292
0.12073779997738099
0.34406990192981435
0.4977909740577948
0.5981327552695336
0.7818444743474886
0.17480985474519917
0.13891062747361294
0.8945350178276733
0.6448173476912528
0.3733568830219849
0.020305069237136708
0.1559922295675057
0.6771251398626222
0.761135674559759
0.7711272476211289
0.946885429352523
0.2083280943247504
0.7643108601408269
0.8927909028143105
0.6312236302967167
0.16054555209028554
0.2974083097362631
0.7970901815611945
0.648836069698789
0.28821709629321723
0.41426364230642987
0.7715967113977498
0.9862751091423502
0.3219631414079517
0.38404350038156765
0.7637223433961041
0.3912886154296451
0.7248275402592239
0.7651238192430782
0.45393674805462536
0.18538429556262825
0.36391102148669197
0.9958987651739781
0.9489811818611342
0.3659230091053327
0.7763813017381537
0.9991327079892149
0.5675209161518384
0.057341676310308065
0.866071886536372
0.3052570945150618
0.61353049550061
0.27052072420064344
0.8053582971068164
0.24005244980951923
0.7368077825722841
0.35997520110039694
0.6367270520137986
0.793445961737099
0.465363815694696
0.5304622213594868
0.5694292071316785
0.8886925081657947
0.7610375530795803
0.2377623176833351
0.24883682389227502
0.90499789753494
0.9975358602163654
0.352805195989209
0.3395975280098106
0.47168065831588846
0.5892008661728533
0.5139757476163128
0.6084084002174749
0.748258608295417
0.6091579527756863
0.17934926724830158
0.3182075056873972
0.6323851290792705
0.12710002545767862
0.5087690793320997
0.15280772101609086
0.5963493677808173
0.6698140527919121
0.3550942374213887
0.07947390199833326
0.14289354775423724
0.16165881744741095
0.32460866116140796
0.5266713883257814
0.1923894169704089
0.9375532684987706
0.07849716195319678
0.005190051530200357
0.06595549028640202
