0.9376369015216521
0.7904579528645521
0.8330748712471957
0.11288506426361933
0.9906153709635714
0.9499353665859771
0.9382704036293085
0.4457946676530433
0.1719054181449905
0.5061204383488187
0.8076133636557593
0.6931914071133758
0.5830455472039732
0.6847810467528572
0.5267837327806153
0.15669672354853093
0.540439854226824
0.6781476083045951
0.513051531825744
0.2689531065228855
0.08435435118948653
0.8074940417792063
0.9811333384340772
0.7882795460533293
0.923186342338824
0.6887180930849284
0.40219822903166
0.7374304260470076
0.41337947089116533
0.393138918233393
0.21704057397543752
0.6963516436887033
0.9419579020574292
0.5888941937912456
0.8466627049521359
0.6926167804669815
0.12650544152991394
0.17273261970289178
0.606987631032234
0.5982653618797564
0.5765165095752832
0.957662212264869
0.4791482900837798
0.6380539983290816
0.570397349492159
0.5688288098865367
0.8127762838914806
0.34167078080157076
0.8939977646193262
0.8181625820778985
0.9469400606384426
0.031251580768865916
0.25940511154872925
0.47774557606081147
0.42185839355993604
0.7255769439712069
0.17683369064216614
0.5525162682783212
0.9242423970761532
0.16361631727378168
0.8877943216916272
0.8648420312151067
0.36009480918818737
0.502626355417881
0.9843306831935997
0.006653654049758151
0.48102315781398275
0.12979828003547567
0.6369600341576988
0.4892509662015736
0.30359863775281626
0.9414890744191143
0.9330582392964567
0.22655203186341688
0.15602020989975418
0.39035963950095665
0.6877797059218854
0.32447282942418343
0.5623192589475541
0.578282770318262
0.231205192160994
0.517288058843695
0.3315669711356303
0.6816724196315057
0.09826155547035265
0.4912381481597171
0.15802334675033758
0.035924865245543725
0.2520592256230434
0.7663114205848722
0.7578929066061697
0.27695165783022657
0.4566445983890838
0.7690441235207142
0.06932905855033411
0.040323090005079054
0.6817664447942061
0.22234596628278636
0.3245555372383393
0.852329916683774
