0.09885271175186194
0.48441855216859075
0.2541512234091141
0.8188458766932956
0.4598306007350741
0.06767157255269429
0.9244965674971098
0.6804103125639912
0.15574053066258997
0.7692272280946072
0.4500721376025406
0.03477267078539881
0.10816891894145586
0.25625096230575095
0.6766215452628688
0.4856706894069016
0.6779398793047368
0.05140828637733608
0.503968519464331
0.14116752165574442
0.24313933672899524
0.6548010853790517
0.03389245488339887
0.38956492690869005
0.19547517568511552
0.5311164061748076
0.5091579592164346
0.10048071064178099
0.9992908646834578
0.06846355568437201
0.8017853015509889
0.5533671736238212
0.8804018172473925
0.014789311751206125
0.6471257819552789
0.9357858025006063
0.9160252187733527
0.828425229727519
0.04003222424062769
0.8250434764738723
0.7824256917512902
0.8412351924401512
0.21039121637677083
0.6693334868315424
0.18350069050360096
0.12599506732165489
0.3775107141374987
0.9183146015406974
0.03138073213927706
0.4840507197669721
0.04633312524164601
0.11809996281514279
0.7792221815455963
0.024964687829611143
0.9531699439273301
0.9819166739629679
0.9167203512432357
0.39677560980684135
0.8946315106193002
0.1752363638944907
0.5304735460325999
0.8436588773485038
0.5806512945683066
0.31296572564266234
0.0041796538913366765
0.9171906958598778
0.3409808765630763
0.4563251118023295
0.3877483427312187
0.8480823506787375
0.984258784080555
0.2183326157223986
0.6997639865961293
0.2971648858253795
0.3597318634208203
0.4393497636151099
0.4443354457517138
0.44756886702851806
0.2039359410795304
0.2779343156826296
0.9212206404276901
0.17445797680687924
0.6681173928958727
0.47728448710665416
0.4872157128654354
0.33433901074653893
0.5169052969758886
0.5138481059759827
0.7871494982208386
0.052885140914435746
0.36471949219314725
0.31220936300407265
0.1144259738276161
0.25837308621125266
0.47362658508275646
0.21915460899254136
0.48390928525806687
0.6072495109034713
0.5748330587172062
0.969857895287793
