0.7040463962127885
0.3790049836839742
0.8957301707302742
0.4504161978227652
0.7204753710393881
0.8794491192008239
0.07538299442730434
0.16350278657730533
0.7699677370302179
0.38464363661758083
0.9335817931777415
0.43769689187636374
0.4314054907081054
0.6821644028904872
0.1220506211390241
0.5860864715031945
0.48959475369345273
0.8220281581960562
0.5311348975540796
0.4160299882511769
0.6380696541186716
0.7765324164509969
0.9512658878338593
0.7195024278541567
0.4386416046085503
0.32642280821006264
0.8957267940791359
0.6322395920644407
0.6283004546534494
0.6402142404884199
0.679721661245981
0.03993367644318735
0.8181761015509478
0.6941582878257242
0.8204749600494449
0.5310226597189412
0.864620023422801
0.8922616463005179
0.5740660668951585
0.7481546012403466
0.7090684876333425
0.9889254611977398
0.956929639884585
0.3741972787321798
0.28119992291170304
0.6911893778561705
0.9134294177042304
0.4037025081668675
0.13900144657235902
0.12322757680091467
0.3856391555752966
0.7970238204527939
0.879710188454412
0.6726591035750519
0.9174418240299671
0.09182488273466283
0.9971972778266889
0.6063977207305805
0.08228380715801198
0.05550517358009632
0.7842137147428294
0.24318171986660786
0.4623978061788835
0.0021089809928299674
0.08201862293951423
0.40058726937218825
0.12703520024006298
0.9685720317093043
0.16526247142157346
0.2962436043279133
0.5582240404897457
0.547699676712309
0.8165990129340277
0.07613182782138306
0.7547967088368608
0.8090598376990903
0.69335140969928
0.6672637464286175
0.8089067314176841
0.4040119384999713
0.4176594805338293
0.7077008461379414
0.5939815901703458
0.6473835145462217
0.4318867600959757
0.8937875249459084
0.3290345097336592
0.0958441801482588
0.5526673356936581
0.2026372433526853
0.6914848992742622
0.9018160416715361
0.3298244565961781
0.09732360549228802
0.8391135504398668
0.011798910065718204
0.7704936089825613
0.0028931642555292125
0.17150563809916342
0.09927741608395235
