0.3779997855533992
0.03602507247261666
0.3923475765421085
0.12733746135565216
0.3692423009793959
0.9223477392243463
0.2076902612456506
0.12246468556030576
0.4321403286532076
0.8844100973658042
0.24306597253270046
0.43942951642531614
0.6415291282619754
0.4683237616377147
0.15951815095760613
0.9577822789160657
0.1036487013135956
0.76322885797159
0.9980193962099247
0.011871765163704806
0.015471029369640399
0.19629834438464633
0.05369128133274659
0.8738079201991659
0.9476308273375013
0.23040004358609223
0.332285099702049
0.9622173312501024
0.36539420152130286
0.4331964711589884
0.8890030004485802
0.488247984766376
0.41870180999401985
0.6296274402196729
0.38196562009991075
0.13406845772346254
0.33017437191952803
0.6241338289814211
0.986108376598297
0.2741461632485692
0.28907010813566514
0.2846452852533543
0.408015680736423
0.19587802980867242
0.6195350384392532
0.6172687598920591
0.11817857680280364
0.7536862054825626
0.133088950364603
0.8287784754814983
0.07438798563799398
0.8994802991522078
0.9981410977253842
0.27342239443598704
0.14845220822649474
0.5724269842457791
0.16343137258066787
0.6112241260979286
0.18815411832334739
0.5022566336781396
0.35764427024646905
0.4668730863819439
0.14733975357851314
0.5828757570214002
0.9540447911321079
0.3714604305650071
0.9992567747516885
0.6068430150704129
0.5368361991351336
0.7937313314443103
0.21173768234137047
0.3163061484969014
0.8350420258930903
0.6231893114722611
0.4075495639474457
0.922285085740621
0.8000659229351212
0.5543015800212557
0.45920809323719747
0.4717270672997679
0.9946841713988498
0.4392188942804609
0.6747807625657221
0.7005472810226757
0.1340777555478162
0.8258371639721032
0.9196804325205944
0.3009085804843785
0.5736122974177426
0.5786923611129704
0.489176996155369
0.8522822880378544
0.7734255507917726
0.6920943376648354
0.2973314787844752
0.018371398858114563
0.28648383157650004
0.14806895571994627
0.4802834792529749
0.9957668379804039
