0.7241355586909166
0.05323015208218507
0.9123106391514776
0.9749164239056475
0.2407251644474091
0.3519681318285499
0.6258751006981919
0.10054000517270012
0.5122542948196227
0.7650566398156813
0.5952809326993596
0.7484284505259385
0.5867880088506018
0.5682560556283601
0.5835479162417633
0.2937568380450478
0.9046654124305669
0.10974729126202298
0.8757363289686942
0.10553757735372016
0.8480376424476841
0.01620696410090583
0.656911818497423
0.5102187154998431
0.9177869573596904
0.37011301221706294
0.7194108564520091
0.34212861277924567
0.8559732389690328
0.7167100626939986
0.2125727254793941
0.6662466184989195
0.01730457915064454
0.7209770522051793
0.6490792145983735
0.36131868767868613
0.559731328607981
0.7881043359279918
0.6642709269360833
0.38512571990977784
0.5721138351931698
0.9854017645887172
0.08828488288786052
0.7087516352920841
0.0860157344266409
0.15922248317662657
0.7355850602376139
0.1029869950938549
0.029026731863662225
0.2274019077223366
0.9424339520647654
0.1875434888090335
0.5686196520486264
0.24587524823406326
0.2900797840903613
0.4125430117852743
0.968398550861964
0.9975509753962213
0.13991073038023283
0.9317849711644649
0.03269631757613156
0.532181567341675
0.576553644376042
0.6485837234710355
0.4508313106869346
0.2978870932408796
0.10587194137945644
0.0675074662198164
0.8689345335801786
0.24815139458494517
0.9870433172138181
0.9691391223890177
0.31511033612793315
0.5825241870265311
0.3913749774882369
0.34001851719532084
0.6827950585172352
0.5849270987206198
0.6752402839587113
0.43621428578211274
0.3375297418223856
0.36037519049780586
0.9304972718032204
0.336513274473465
0.5539644497959801
0.1390898656613644
0.6329765777202027
0.8500036938766046
0.4127635039222436
0.2163931700401056
0.6481022150877015
0.1828680802003838
0.9911823136933532
0.5274371869425919
0.07243544004747782
0.34049056928994803
0.16643811218402182
0.31773685814687114
0.39090880703718256
0.843522351034923
