0.9972979597653393
0.5179289290407799
0.4864743882316529
0.6976788994000788
0.030138756829060087
0.7428630316385797
0.8364056251908975
0.27403148828675794
0.7196671376926672
0.37016450758058683
0.6807929663649214
0.8702372460863445
0.7547157117395092
0.8502502881711108
0.8185398577572328
0.9894582515356636
0.955965424046734
0.10908180725512728
0.8335625217619405
0.38728150623998314
0.15912171188333568
0.9000198605191634
0.9754145261589152
0.6236778565879358
0.37332964935181623
0.6675897518573733
0.281230069202156
0.7293039137972366
0.6628565515984629
0.9192813426869342
0.6101590143628037
0.6624464735040078
0.09167241054368847
0.21967210711229568
0.16869339577465003
0.9916988661754345
0.2434094758137233
0.5705754818108237
0.793761671134238
0.029497324046110163
0.28328475108096907
0.12158123740812932
0.7301933333228018
0.4629346024909937
0.26391961576730083
0.8672682150462854
0.890133410006026
0.38080722221172836
0.39359357107278103
0.23053401323482736
0.6142125557265888
0.47964152020611783
0.28331947919003786
0.2059002861513698
0.7677555424637406
0.14648310628247974
0.7682302496130863
0.042316523349074986
0.6000367769218936
0.06252312577851371
0.7591176884339692
0.28189865806473124
0.17056869813538966
0.9491739861306657
0.7215664138943803
0.3392038321780174
0.3036351084499783
0.08699594643927433
0.8029768806296701
0.7050558818965028
0.9707583334931514
0.2779155064892246
0.33187325533471845
0.2896006839724331
0.7205151320615264
0.9924649723679486
0.3992435072451642
0.3811840633129009
0.2760937201081407
0.5463125275755952
0.4982606476657271
0.1908099083115672
0.7032096622352512
0.2841401740789862
0.7465853800747557
0.976349013038262
0.61447630884667
0.9139666034002528
0.0445523703580214
0.2963343465139717
0.7210507913883735
0.3313012081809603
0.6328934998648521
0.030091587533819908
0.6683538171565881
0.5000540050195881
0.9052534762648483
0.4191187629839207
0.4998881106825822
0.2159157594652099
