0.003604185968497209
0.5340417991263458
0.28165633071293017
0.8679612808225975
0.6787663378283727
0.2521380006320053
0.3894067662580032
0.6355184462207889
0.13359794637813394
0.04233244087563903
0.7119105505046264
0.909883844648865
0.0830113585753619
0.5977374495187041
0.5557019681273112
0.11425593789804034
0.0628312629905069
0.6302181705324402
0.35018861819253355
0.5102944273651103
0.09860883209262361
0.94713242313566
0.34676614055373123
0.026005144962456206
0.2058574110782605
0.26730643379730445
0.38154756886415075
0.6171872477762332
0.8347779575606914
0.10147222090081665
0.42854480215384017
0.1834700630059175
0.29539288270291375
0.4218065512116178
0.10861577696005698
0.6000044479254844
0.4031095312890187
0.7758755830408538
0.5392176402204003
0.9971641980122004
0.07008527227344552
0.9622028944058779
0.9109827499712375
0.023150745517242166
0.33436830097943215
0.3778434132946238
0.9593609345613585
0.45818425170138777
0.3666392908427202
0.6727589007195157
0.06304812159227546
0.21400294537457265
0.32348143510587957
0.40145548306160683
0.04564747497527777
0.44868170327743373
0.5264567002907631
0.9492576656528645
0.8829866683161521
0.2543200465982143
0.33786923569825567
0.12875664225180172
0.4257404778366233
0.1339383464831274
0.2769468414376939
0.49138581001148907
0.9354851490015692
0.27396077360368054
0.37427439045614874
0.5797396155395171
0.70203741494317
0.43995203830709295
0.4976637036975211
0.058166487863351546
0.26090726240731466
0.17581421554905685
0.399246093645965
0.9023300806408341
0.7619204463634712
0.8704390535232008
0.5314260538534145
0.6028480459045111
0.8535433641401905
0.17085027567031585
0.25843498152998867
0.6437803548085663
0.042169139468654304
0.16715911514251192
0.9505765343127528
0.3536545207288002
0.8616006196128376
0.7521959503128537
0.5898556811674108
0.5948781982777711
0.34519233724983667
0.5674694130017416
0.9385363154777913
0.6568041791233705
0.23159031641436
0.9871436995918162
