0.026272538356273967
0.14837672557951243
0.054734880457172674
0.6630139413386876
0.6968113392501165
0.6482022953361312
0.7697682883615673
0.25599824984488295
0.22186542041391455
0.36305165778444726
0.8487158156938234
0.1134543856222221
0.5376065222378943
0.07021463120729343
0.8432848840610945
0.816667992952531
0.4883314203351702
0.1747924951898029
0.2568541888816318
0.7191484946065191
0.5722040227393036
0.7999276268465294
0.1937005887124078
0.823907285436543
0.07557879923238964
0.4461333890258994
0.6607386464498644
0.606682875682276
0.15526208163219557
0.9053017751985402
0.5855237543337023
0.6821158049612014
0.3821696417970243
0.7956303885533345
0.5839971150271532
0.5311656503056988
0.4951903400776926
0.2956241062221543
0.26242631617269707
0.860601453412447
0.6306670773990992
0.39849101349033766
0.3702229384501933
0.5491858703251085
0.09075821122299232
0.2826664551914265
0.4337942708593009
0.5502126438044784
0.7930437129276979
0.1998625971734116
0.596313467197847
0.5663455715701905
0.9040923205698007
0.6189554929979242
0.26426859289647897
0.790246750761716
0.801307226846306
0.23218550685296202
0.8188776504275636
0.5132708216313645
0.43021940592914376
0.8295607086749317
0.0889334321015176
0.944540435165734
0.32849959920279337
0.9780175896694848
0.5013685139640577
0.15400816718551813
0.07331086299233736
0.9038067765081748
0.8268071270329876
0.6556484811540529
0.6752260537277516
0.9697360624707206
0.21959727558282927
0.7807123833101626
0.4897852007789911
0.6633166395148297
0.8152931824894061
0.6560172360400098
0.5468701048045786
0.06752309715779936
0.49328472016815006
0.2985320717032883
0.8084246451458937
0.37279109345490546
0.5382465151468994
0.06505895606446765
0.756650777994447
0.10704129736904111
0.8413067872537734
0.45459930082362077
0.8876621769693959
0.40993174704914714
0.9703119738608369
0.051033215603809134
0.13967847885593498
0.8582054001458235
0.9082899115696065
0.215029439987783
