0.02019520593223434
0.060913060611162306
0.510190952788798
0.986641749800201
0.21316558619303583
0.4864564952467303
0.7602129573438937
0.543837551802419
0.7450822037803178
0.7578102121080493
0.7254925003628135
0.4772429105903151
0.3679481178114563
0.957944805181747
0.696671577556792
0.08767745771488011
0.6774783862217079
0.3243884407031655
0.38182513714901745
0.8905919645374625
0.6264746268733061
0.08002746019374951
0.17746168243269556
0.5203098783134333
0.5161669535978327
0.04666078815866481
0.4787857483697454
0.2670136434113244
0.25241871418298933
0.11848746772124474
0.7111375428933858
0.5507057855123355
0.6390418677404547
0.6346198956020271
0.26550144375124984
0.7389129002487538
0.7470712176368558
0.182880198810901
0.8032018167563926
0.8486913011975048
0.9466986080892067
0.3915506046708539
0.45838127946329277
0.8385304084997026
0.017668546125808482
0.8214133898481486
0.3115827030256758
0.3920403614245227
0.8642891154512167
0.15732913229885948
0.13373328032836773
0.3228488985527791
0.7528132414751656
0.5167672428447119
0.8070551469805659
0.9889212497766973
0.6617969864980225
0.8421155011021105
0.017903798627844525
0.3945566680788144
0.2901430494464595
0.024260645003093773
0.7862621880291628
0.9796035393498879
0.502889507360911
0.6168451659917941
0.14759481904614025
0.4479744126410071
0.5114048590569534
0.7437699045323584
0.834992516215362
0.3713314948177575
0.8825025968704595
0.0769263476092138
0.12301588100176275
0.7188517204606043
0.5500896049770433
0.566806001083493
0.08937073912764082
0.9102702281749927
0.3633146741067109
0.9455489461540706
0.42652680160103607
0.46693944484191574
0.34678448481074353
0.8901570085490138
0.5926164027470339
0.8444307862720292
0.7712663180178838
0.133011836774368
0.529427073251228
0.5702441714857472
0.33739865307465144
0.7375015470340666
0.395028215828363
0.3814805754975291
0.2602811898816637
0.21847417421984183
0.759548826974048
0.6598711059537596
