0.4930051646369725
0.3617083337125879
0.75219076398513
0.798143934157111
0.041556612658396386
0.3941778406116876
0.008663013889039006
0.10989184665817664
0.08332147933110456
0.3025337224272885
0.3317904315525997
0.7264570495282443
0.973700054592178
0.2997018144894469
0.3410870550899967
0.18767914580215161
0.7633311184817055
0.008546634136946785
0.10141262933262218
0.5730495345129359
0.4776073601537566
0.05827100632501547
0.7159766982163253
0.5449195257423161
0.453900609813615
0.47715035393629046
0.15016309415327278
0.5287563136227738
0.9110878579166638
0.1667876288567519
0.3089110332751487
0.6208091906627206
0.06757061239049034
0.11124042188043404
0.5476143755416014
0.8223376945096619
0.5468318798584644
0.8737846082981957
0.7349780771082275
0.23959242384239177
0.5136763548037748
0.3647438342863537
0.7059970962806857
0.9600280583932335
0.9696514087071069
0.8257277251677002
0.44419954866537115
0.41776769732529573
0.902747505587586
0.46878580761895705
0.6145224884427083
0.1951260233743768
0.5343286086216165
0.23339848592184886
0.13166533593769536
0.37203848090326375
0.7353444497882055
0.6798901629346753
0.29349252783225344
0.7315323742324142
0.7942285220944572
0.12476368837067997
0.6350334056528638
0.35691487450871107
0.11048653373182404
0.7416197353075024
0.06585396369699315
0.41514207092992206
0.060832264391667557
0.500738094612869
0.042051879135220016
0.21087240045552558
0.23882908055586782
0.5010628587598268
0.49385232077079977
0.9169963835535718
0.5043467227466143
0.46024642033805274
0.9807592116974626
0.7399742211859853
0.7957450440213658
0.8715724279805273
0.07844246107909736
0.6621016074760108
0.4555472778879822
0.6109909126734139
0.3150190127022555
0.31786290289524644
0.8994677529943949
0.5831635351986165
0.0691115218011692
0.007820548028194763
0.8190096668765559
0.3323306881688073
0.7180453319017167
0.3310280577464856
0.7494509493901909
0.4119761015385166
0.9817708538721343
0.42574299749919264
