0.765801253912295
0.4317151944210357
0.2996827696515362
0.09119432879005507
0.1984904656105828
0.6505484375896133
0.7170750651124553
0.9382122065530603
0.9376895875481943
0.09701754631489412
0.9338062059788832
0.16225040270635882
0.9064600097019245
0.017389030236964476
0.18588110779378175
0.4368385660021924
0.9217831813175149
0.9922103345538236
0.4643918090642464
0.8735094122983547
0.8192196000635491
0.8396524948997682
0.11145592788739644
0.8853318848276517
0.95598648971828
0.005281286478673652
0.7474701992924166
0.005027343268131701
0.6781784645354223
0.3923884900239891
0.2916723559049619
0.3701017428106399
0.3857062469387922
0.11142971456698092
0.4014816675706466
0.25246591616714775
0.15763078849569434
0.6827789750250248
8.140804216815178E-4
0.7063046928219985
0.5109211258956746
0.8139242176736284
0.6935458029240332
0.13549497719971826
0.7572661296818889
0.9903919504184296
0.7655242049988286
0.34066203262724126
0.5954219604679266
0.7691038273958963
0.1670029868355818
0.3960020214006571
0.03067832670720616
0.8435311491238662
0.33710382074520273
0.527287869368687
0.4483784785381941
0.6619281527589955
0.9828841983370877
0.0150152330542217
0.6850292754288829
0.6230884335444982
0.9578170776391955
0.03043343877139315
0.23838912302651838
0.6484832722363605
0.1979652050532279
0.22724602961544982
0.3370236977310983
0.23530464347036706
0.268858660313151
0.8580544644087483
0.4501698563736989
0.9318493509838869
0.45206160655673844
0.16215744184697445
0.9603511651206575
0.5448455972538994
0.45764021847692826
0.7801073775133929
0.14403842880198614
0.2877363970262641
0.7872206189725586
0.9904648603247896
0.30975171776478316
0.5095991626694408
0.4920519184526736
0.6354807728873932
0.9283504602956565
0.6062942460332966
0.5714664024649418
0.7049748328255394
0.8568612296105339
0.20859971992535453
0.5393552562157753
0.6814684503885615
0.3050431088240281
0.7665032405784296
0.7497545895774161
0.914668807827254
