0.680152529354988
0.29895901218156395
0.8873380770234325
0.22240374298560994
0.9958698994812316
0.4888480028108323
0.25764046460974965
0.6207206059052975
0.3017807643033724
0.077305801833775
0.002045533177316816
0.7793684331456798
0.6554419604262742
0.6922224498239938
0.2563816067927206
0.07106589245599393
0.5545074989144491
0.7951322847460551
0.15234646331656265
0.9291572345478294
0.2414077820180398
0.33874226460014
0.3182740064662133
0.07795605162179264
0.7572057982308743
0.981109675908403
0.8500402000954145
0.6848659630073556
0.5305493299689219
0.3311088156334866
0.6674224390011518
0.7453436253726783
0.491740377836137
0.6304908769063575
0.3909522355093079
0.5830590306809696
0.18729353087334166
0.7397546884351582
0.8752784474877221
0.9501467178725007
0.1369576037535789
0.28821086568042076
0.31728411714343774
0.846230804055131
0.7230258092051608
0.3730350058558374
0.42067708769490386
0.8399458629307824
0.23086136159255144
0.24777064304740704
0.44350093491530607
0.3729645379625681
0.26991746224555835
0.027655676417849606
0.08098918238155184
0.25408183733323786
0.6961312659561966
0.5573112149144474
0.04341263556377062
0.30969552567652003
0.3294238301062413
0.23574462676696584
0.8770458232630914
0.9470604435649947
0.21413946133321304
0.7742837501149645
0.04610553997285949
0.20798428929365975
0.9056087167208734
0.5749724059050382
0.5444908046807434
0.7431708703110871
0.2826221353108087
0.6601220873235426
0.3383799802079056
0.021206457905816545
0.6834520264201733
0.8581282843689797
0.7542177794314082
0.0012235275883401009
0.7421621964968756
0.2563241407609381
0.5213508560353612
0.4445652844313266
0.16229648174549904
0.7685583328747493
0.5545480070696391
0.01831382333218412
0.806638962317106
0.03334796836422571
0.71886669252772
0.3523331580334855
0.9045896495088906
0.7578713130192102
0.7578050306544166
0.25151809866748487
0.8828017635605023
0.053729312903645465
0.28540408048129173
0.3362284876800282
