0.8624927679178946
0.37976600419903095
0.8224947523748801
0.7178751870979823
0.3488124251008049
0.5823472200094139
0.02974262369781
0.061919838049112164
0.18398153598464562
0.695384316366591
0.7315033816820016
0.744411775443524
0.2654674055880434
0.8000783285336651
0.7760351220335807
0.8241429831539492
0.8336121973327256
0.15103164401700309
0.39767608045471625
0.7691176575108516
0.7946120162674714
0.6034269582620284
0.8360850194928221
0.4201238315332856
0.8262731224872192
0.14046481791739074
0.14525643200357796
0.7033827230825345
0.7760967248067948
0.4571455454929344
0.1593815815727464
0.33791189491041884
0.9715964182025881
0.6433941943499306
0.20860376340268416
0.010777277262576934
0.4543528954080248
0.6276922420499533
0.5849423723681157
0.7521980128343837
0.8221630321475458
0.19179332746591005
0.9471369877052087
0.5325076696203929
0.3177414789589309
0.04776438007372685
0.8228892492811419
0.4242634688788778
0.03778432322800174
0.6805078145832495
0.11795679369699275
0.02533545873687293
0.6528066897801784
0.4020842956716836
0.07378056545369038
0.2225955138362289
0.8260166598321773
0.338569661110416
0.42880213918129784
0.7908659494020235
0.5985905551120623
0.8758438972240093
0.6333561859780514
0.7680757832190384
0.3690651500712874
0.427623590010747
0.8439976184607265
0.025112837508612706
0.736164823256485
0.2572141592533793
0.08035127201673686
0.9576475487644591
0.39723273102376144
0.48387132211514405
0.3660476823611557
0.767244866946529
0.49853646669538043
0.33532590530518347
0.8950349993033095
0.37036835830896886
0.31907104143136333
0.16994022984541668
0.2655342144084617
0.5764208535626761
0.9360827073076872
0.7851277552719459
0.6061308729598619
0.8097540707838211
0.568389058986026
0.053082487513782306
0.9819734340523033
0.3156194200753648
0.622672552514712
0.9805281146987328
0.8137745145305068
0.48632080344613293
0.07827599371098248
0.8761111878160266
0.16828859329483814
0.6713695660400296
