0.7376300914731538
0.42722685053525
0.6861652776926918
0.5942306714359212
0.042294604839527294
0.13747927201235022
0.6015547281912816
0.2882883049965178
0.6086966817066595
0.7566432999034258
0.7775680081299572
0.28594799323623876
0.3730009931107334
0.04690804888721012
0.9326714323912838
0.6473318132697475
0.251147819187565
0.4723466065234698
0.26532117736807725
0.2988118048738203
0.5179476095801634
0.17297106802579332
0.49762029416764453
0.06666609158598302
0.6882209505417654
0.8903948898061698
0.9535074899913673
0.7374312893821613
0.543325227391098
0.3490399958385638
0.6629629417495998
0.45406357652594254
0.0880107579958439
0.9649891443968718
0.6409435144160635
0.7658101506289585
0.6454002674270305
0.6539983716302277
0.42823613724152354
0.6897317998345356
0.001987780858632937
0.9408486359492253
0.7011442950765256
0.2131061431490614
0.499903976799592
0.5341297654846858
0.25790003530763206
0.7684805400590252
0.24029700101388585
0.023713415242656688
0.9719192950354937
0.3469323458784074
0.10952932210143229
0.38258662504425656
0.365495950045987
0.08013355708483183
0.16899227856797228
0.5103807685757168
0.30225600685375775
0.31810586243886896
0.059692237939254156
0.14284564005073674
0.9226698132876099
0.4570910485669689
0.4643632725798582
0.06968142771494179
0.35414739446596
0.03075085624445162
0.34271312992942704
0.7525565152236148
0.9157176453922615
0.8679495968291621
0.6095107404678629
0.11580212636337639
0.5070194368426608
0.44166164033167266
0.16057505660454197
0.4941897791773293
0.6223091398203141
0.88608509702813
0.6683266647559404
0.46536052759407165
0.9624149436359675
0.5428322160944984
0.36641492899758943
0.5688903634906904
0.9310459731249114
0.3121055767161104
0.12203548073358617
0.7196387888377435
0.3965900551498922
0.5310588674457625
0.4549037574713478
0.4599428553018433
0.9765105318619123
0.5790797626775571
0.8034525184159913
0.06338216884951375
0.758679634085638
0.9185213626698331
