0.22787370922793337
0.6920903757276322
0.08387935304594984
0.22353425934757643
0.4682271897622209
0.7651380143003665
0.046210533816913646
0.8840214095697811
0.45995419334440935
0.4874200141378031
0.5542088458992027
0.32079435057988526
0.20300068660980652
0.3386027839254224
0.12797494023345224
0.03330336454196725
0.24130494901411859
0.32509189540329875
0.6939913000839448
0.4097170122326119
0.043350223276239386
0.8401047246054121
0.8662148756135729
0.5257618393729486
0.09719569646016513
0.6089262459304354
0.24024711450238678
0.7957279783712677
0.028366177593879938
0.5523863105832274
0.7477315729905518
0.12948040225317714
0.2218321221796159
0.051010748085323465
0.8066051023727377
0.0393533181049055
0.8834131717027495
0.2729628439310592
0.47255543222442464
0.9620954124515255
0.211290022987637
0.9408055869182874
0.04801444259451082
0.9135721189034439
0.36491112857093333
0.1552793806739845
0.637243188704042
0.47772016821845464
0.21643206773620838
0.6687038409603703
0.9495410086851357
0.04628883639883474
0.44892711883253267
0.3062763452247953
0.2473377016469327
0.17219178089313147
0.42596399603654667
0.07045398473265063
0.7119046459538827
0.8768312708541295
0.39873463287042543
0.8317701481480224
0.6566465694471786
0.7605471917466157
0.03978594455140738
0.4088501269449807
0.9564131964440106
0.8053809686748173
0.9964963952557467
0.27105502168827655
0.7809957385433036
0.8306343345860103
0.14279574253814065
0.05909686378358092
0.22194992426552795
0.6642418377831393
0.4742268721836116
0.612132142211702
0.6841146336313463
0.22676476379414567
0.1392998746592512
0.2142545426274537
0.9766702079047068
0.8898534697559453
0.9291908795896339
0.32897264887643485
0.8833088043317651
0.667314160611624
0.6581886621686925
0.17717130150299076
0.617064234089125
0.02445520341595775
0.25889452454314965
0.1322204116140263
0.9725763851673467
0.35017676166431433
0.08903199378999771
0.055308283113764345
0.17704134372753733
0.42630750473339774
