0.26167232181257016
0.9022548967715681
0.8124617947216835
0.8194479251934824
0.21411593982912536
0.4215687569794041
0.06208755162104629
0.5882497504680643
0.7819386145335206
0.5242648657562947
0.0958344264586859
0.722520863059952
0.7594486351836569
0.16555669191860234
0.26675860426562925
0.04838241422050771
0.768493038519677
0.478680139670273
0.0041972184258921574
0.5614737159763966
0.687105934279301
0.8100150173013972
0.5999877138731318
0.3891220207881302
0.019197805823699676
0.6284521588346633
0.8593274612812011
0.018740683697088367
0.7636657680668545
0.39204451898305914
0.9134232888140762
0.6962954674632706
0.514156868921769
0.10439462854589099
0.17955710900140665
0.6887165711516416
0.9748172633693796
0.4738947882311102
0.9239204508442997
0.9254239940060045
0.8127123767469784
0.3008508451930314
0.1335472378144993
0.3866721851516235
0.784204234326442
0.9606835799787795
0.43590071509929607
0.49020988374911234
0.37042406877226797
0.6258168805373403
0.6181469795608218
0.6427888983921048
0.7360795312111239
0.17452506055537498
0.8928742375323008
0.06934589835758087
0.6861878155244266
0.5719263040098916
0.4329931723235384
0.010219398914657285
0.4369269113493921
0.8764728724813357
0.8557809117521297
0.3855536988619799
0.43964968154874284
0.9247031398875357
0.2745069450918435
0.06608041012720456
0.20120617672470498
0.17768436487353745
0.25580660094206353
0.9607574497057059
0.029071503138993204
0.17448907447926532
0.5219436506607182
0.23428393016065363
0.8963783547561498
0.5312124013363543
0.5193306750570778
0.10129920860272423
0.16980443880873997
0.44845126000591506
0.038152043155698534
0.8091128874164272
0.7723667636905381
0.24583074370675873
0.9126611017278092
0.6171016060418065
0.46352668598429825
0.5290769016686353
0.4576994645637521
0.8084478877446892
0.3106103442159809
0.21329935647374065
0.7042135069377181
0.028684990928599774
0.09840165053199224
0.7755609373361639
0.6850187354930485
0.535551046964935
