0.3778656575309164
0.7904760549234195
0.9917902676373201
0.2659445834544263
0.09031260613786929
0.014493048500399563
0.5752334623886575
0.9783130104740311
0.21991350679301847
0.02768041714703784
0.2926158809985967
0.11259407407567434
0.725330539934423
0.716250200171592
0.020317732098442565
0.42486992106317767
0.08032672374298822
0.6847165096230785
0.24378509715654972
0.9001822304222178
0.11357082651172179
0.023500970714395386
0.9132464813330898
0.9244959524011404
0.4794552040875275
0.7259605029728877
0.01077968016139852
0.20558824321356894
0.01459568747781792
0.44822804065945177
0.7127929663999545
0.47267825126160945
0.43878444286385465
0.23591943702840423
0.2517105447587088
0.5559025294633952
0.34451792224363786
0.30367497483188277
0.5816294046878304
0.04927997300726139
0.1858238694368981
0.9466675470874993
0.7349409027529482
0.3945988805132977
0.024962844845487497
0.18762345076451914
0.3203869525120019
0.8886982608589586
0.12468122590094599
0.8185661944286955
0.9577473975397609
0.8129044422084811
0.08404427755882449
0.08340747751917688
0.5703316793925515
0.6109227715062766
0.10747929598747052
0.3656737459055409
0.36367465939677923
0.8002737500323422
0.16951085811359545
0.8950705716192964
0.007312263791027229
0.09240164974185949
0.2917709674805826
0.6672516021545989
0.006240386778131657
0.017872896730673382
0.884219248872269
0.4830722479527394
0.4996359884220566
0.20562057702753378
0.11910940462841291
0.2567728756995241
0.756646408554211
0.3489802713093433
0.6040899757896399
0.5169501723276689
0.45252931895855564
0.8063017594217795
0.1999288739676217
0.3298393745928012
0.40315254186921623
0.7302101033983471
0.6887026270765688
0.7113439833630182
0.8118390258489309
0.597128531930551
0.13989318631384662
0.9624139665723213
0.2397693487585445
0.017464886787637468
0.24468634055240657
0.2617873315621524
0.4496304385387264
0.7469021988418882
0.592867469698644
0.2807738229121809
0.9919257493817791
0.8905231619967875
