0.7454498981187716
0.39855686451836203
0.759639345720048
0.7564902338862373
0.35867497757176314
0.3838081035800689
0.6740434610462601
0.7493579888579532
0.8433067877217532
0.41756169992671666
0.636567127628701
0.45768862719315984
0.6601382358783727
0.7031742000875157
0.2741582326356856
0.7577522038871056
0.6130175867716474
0.5983902674123537
0.42975615570548986
0.14909969173049864
0.16460249130795324
0.787799149376648
0.9458161009726417
0.5343347551498364
0.7157993872996553
0.6759108816819684
0.40054738643615395
0.9816060249074195
0.8350021320060154
0.9960008397439408
0.8654997336030541
0.3795181097094221
0.7835964925137281
0.9667835407531541
0.629108013552464
0.3716991283293777
0.3257977203855703
0.19714206463934625
0.48803306616375686
0.46705117559503706
0.7337405373007777
0.9385528398541535
0.6466116138418642
0.761749546241122
0.1028424022406571
0.21550960152914245
0.4844561864845929
0.28034536129222243
0.5778121416550148
0.8261649113509397
0.4532216221015505
0.5458653812797868
0.8562780195663218
0.19857079327307314
0.14578143037094005
0.6225920554997432
0.3848605997118687
0.612315154617065
0.14453429984634836
0.5402453824154155
0.991617349670763
0.3510138240991534
0.6002870716055076
0.7045779548608239
0.30913767865856223
0.9380326294173321
0.6191372617969121
0.6269329526931636
0.23416850946045775
0.7259779008859713
0.4420049924335352
0.06410434327649339
0.8425018588374423
0.7599075861480868
0.08994016434186303
0.4498773387097508
0.6319580592426921
0.014879673396894
0.6180582923871465
0.32091659404683714
0.7016491414672048
0.8203682672755055
0.37193349334051895
0.2922080737669287
0.4923087480687611
0.5272420222196216
0.6725054079775048
0.02105030392169238
0.010326837254499122
0.2474134011606114
0.1690318542941568
0.513629167602533
0.037228308302392654
0.8019316747153646
0.6943466489564576
0.07449996522813529
0.6866866485855659
0.8502062916443972
0.8326580226274262
0.1768390922901414
