0.18269073657902057
0.3557173592911924
0.17673977004166208
0.44397158583317775
0.2004908107412846
0.6649906611905451
0.6223426359819906
0.05552716595094964
0.10919647218190631
0.7807009310620535
0.4121006538265386
0.19567182704307295
0.15259331553726663
0.3608761203870625
0.6984806383852837
0.996865912320348
0.426593467452707
0.330342093927281
0.3593999598269053
0.3603972282827723
0.5050683849294738
0.4127036563205392
0.9151477651483382
0.2394307551806315
0.9545681839651946
0.5447194347258653
0.024882041241770847
0.49086854193049523
0.7289246034393625
0.1809135404999156
0.4643439174947821
0.17153922474266536
0.7013368015741936
0.9894312972080705
0.76865778322138
0.2880243313490348
0.13939003276145756
0.4645598805350889
0.7875621702493846
0.17446892871416553
0.7575595134941551
0.5369993305072632
0.2451429518629975
0.8690120409624478
0.09210298398547756
0.3498832052253752
0.022116923094138263
0.08701234452970341
0.33484693299966184
0.9867119079946405
0.285940328578016
0.6480330202431605
0.43522335627410125
0.08677646450437904
0.7824939441803953
0.5035888254455875
0.23401523549925884
0.9643138693705554
0.5728218261047174
0.8339479665703841
0.6276204896075791
0.05954995273387831
0.24937885441131868
0.0348197583319394
0.27824591840122603
0.2929486402400774
0.19846717359649835
0.7985486148960885
0.18329394486767892
0.16840212787841913
0.7890198593761419
0.9094736193822721
0.4963066907639787
0.27675893615732317
0.46261498708027626
0.8194024148509099
0.3521835388517758
0.1880020362189051
0.5755813890092079
0.5466866793083697
0.09098963592003573
0.5885526641797434
0.5012828499677932
0.9511760902814664
0.19752471221344992
0.9195899053549419
0.939144563713989
0.9773660222843918
0.4779228684935951
0.7029397595303218
0.5967123167720793
0.029344397168364234
0.4799055802721458
0.20300198023267113
0.4120109160570614
0.2436807419667122
0.9299120152651734
0.06634656295829144
0.26569550196469616
0.06019066782036275
