0.008181811743479983
0.1050260382879854
0.6959657114553279
0.1555479565016703
0.6119676891492836
0.4453139457829026
0.4739390404661523
0.5010046600818572
0.36740590139958773
0.8504935913866316
0.023156797772563964
0.03301966230993891
0.04217536769499519
0.14448534862659157
0.5741219848475636
0.18438484334153304
0.1839265272256817
0.31251524790399743
0.633245588018902
0.31347662897543294
0.2635636144073521
0.03569085886569867
0.8153038653202059
0.8905506773322499
0.337814863556015
0.12826532458247608
0.3394861582233911
0.15253566050126344
0.2621272405640075
0.5895339770928228
0.5213389784021315
0.8215714865187903
0.7827735631071652
0.756722129355139
0.40638889330989647
0.3975766860309866
0.41616142778143683
0.35088693684864114
0.2859533166030137
0.4814180597582358
0.8836851527319608
0.04476989301490253
0.2116247450028591
0.5627954912075891
0.01206319293825242
0.5497009224434755
0.7821404508855492
0.7157432874569611
0.43195553346022464
0.11806892738011077
0.4148266910553742
0.6846887544341337
0.11175631256752672
0.7885376228211407
0.03353230885800562
0.9152980031619142
0.7488095010130108
0.6631000101874632
0.6059440798464997
0.18687731096721905
0.30689611067739064
0.9982280863057462
0.24540148083120938
0.6368884088653965
0.5366937612896696
0.9167893880986945
0.6558067700152156
0.13317418244730495
0.14501017495775104
0.10306532163456639
0.5429510190463034
0.14578115410346437
0.3889445283777745
0.9301205545141252
0.24155484603549648
0.4978034065557668
0.26273154689342093
0.08693691559145533
0.21454814613973094
0.6334624704789075
0.11787521683814572
0.922139081820785
0.269590215902888
0.33167598833589296
0.511280204872352
0.40180365815850516
0.3075579946139708
0.11465760305227868
0.31144090603307206
0.7907568808350629
0.16870665414801267
0.9536293133414927
0.6093494975679687
0.9099308254800345
0.6744337561275744
0.25751664965928855
0.7786357811539626
0.09676180198913698
0.27605408225733474
0.5455360982811712
