0.09397003058088305
0.10487633720658396
0.34747784810517324
0.5853194384509137
0.1488685988756806
0.028952617766449085
0.846243348394813
0.35999139674134795
0.44550534740507597
0.7352714878515711
0.7541735466561096
0.2507228843989999
0.6869686919859094
0.36531787247157066
0.9843088988457837
0.8226472626211176
0.9528267990724937
0.8536690495241418
0.8747436894370837
0.9774120911893424
0.8107601935561302
0.11641450643859963
0.515022550221703
0.48797398393904345
0.7323029238688715
0.6890471903861811
0.9140147406783466
0.07064869033611487
0.2939242178679964
0.2962787887786169
0.7448917975047804
0.4382947845565127
0.09878352938755774
0.016895116294452506
0.8725617769251974
0.5997978549264397
0.0898439989215607
0.4186826576131668
0.11988903928058248
0.5235617812890393
0.9416307104000304
0.28162011101120166
0.7612558629593096
0.1665024498518607
0.515771658207585
0.30194438887054986
0.04549802448695117
0.7850780976171576
0.9445607911544133
0.47536310081322586
0.6449736449865165
0.39118001255189605
0.7671344243847218
0.6946007658473202
0.3035008301677199
0.1932460958035358
0.6844535141048651
0.4646292671336252
0.1131260390935076
0.8717486529762422
0.9221359656254136
0.5383476401102949
0.788162197942263
0.5782476019186867
0.8942848604046582
0.7061399365725131
0.024661853619894925
0.6184882185172305
0.8468096912125446
0.9346545263421348
0.5344667344238554
0.882562657654038
0.4253396975059478
0.5433115939080683
0.6252029179743015
0.21894299888362367
0.6606796458977919
0.1314600099470954
0.2610657660449749
0.11423265107300096
0.6938601400101476
0.5247690148540082
0.38396672790428343
0.23677219000748362
0.6731857865484836
0.09635375158103843
0.900589882513749
0.6297746209491197
0.6472866908298457
0.43629798421525423
0.14813284447260922
0.5984543099988109
0.95102964457352
0.4926516960589479
0.8399834303684547
0.6256524750832299
0.5352475198149507
0.9876444248245165
0.4623095857409316
0.9717518979983971
