0.14572406014845019
0.6884623344197854
0.6620566166434613
0.780804425292698
0.5266430338427098
0.8296514061491855
0.11791124105938744
0.06630438280404827
0.23870273186258628
0.31404612192628834
0.8752513753225926
0.5472243283428931
0.6440713871305302
0.32258137541391785
0.11988561352358951
0.27623046378615757
0.9547082886924122
0.6414917596514355
0.9328199803014477
0.012978554898460115
0.1252358884814484
0.8540244760584658
0.3925993822329322
0.6515605290921569
0.1850829990879066
0.18929576166890572
0.9653239095201717
0.3015694695609882
0.46476319708890146
0.24218872760269006
0.21972414406590335
0.6512322751380948
0.5315051338694299
0.1151041652838175
0.7806560134349197
0.718596969945334
0.2910516390334046
0.4005402840752561
0.09160227985100322
0.6055514836354761
0.6352974660659304
0.8228912729293183
0.9952443798634039
0.40948965684627703
0.21953601575550763
0.28851850618307795
0.36089516774625197
0.01872894283901083
0.4384374331331149
0.5550626613030505
0.9885589719752979
0.12032408648600701
0.4364821860843978
0.7241284642832145
0.8016127675552825
0.38270894086633345
0.03642519601013694
0.2858887001182894
0.9035781726123429
0.44063904477784543
0.7984677848032168
0.4998171089440775
0.41918085421073537
0.006195475675615514
0.03316590770445682
0.482674990482613
0.16587068801706495
0.15715031205193963
0.4827049527191337
0.4930394390150695
0.1092019141600582
0.6127825088262234
0.5580223886105218
0.5510758088167086
0.24394975789043216
0.5972728358265934
0.4733620149139496
0.7129208220351281
0.01256639266636106
0.7120944597624125
0.35519434988856546
0.030956839666304692
0.6235552813195546
0.09135616005057878
0.41903951275669604
0.4744217745475511
0.6645701045937525
0.9978430814806915
0.6055807122864647
0.8592135589913148
0.21852058942891694
0.9325394845077114
0.6465576083103911
0.1414114242068033
0.28569429552413184
0.27670730920162034
0.39128093076295367
0.2659513650206673
0.6908799585839881
0.46313265729445063
