0.36621055728705887
0.13005589418945684
0.8117046202602788
0.6819420217410016
0.9628917754375865
0.12043378100400592
0.4028730213059887
0.16642919839032377
0.3536448743024022
0.11392794355367142
0.5107250263733166
0.17562191232045377
0.2197558592053569
0.7932050579167319
0.9735023400900163
0.8928578583976132
0.6435171026510743
0.6222439028936931
0.28494329413712915
0.5934271014163235
0.0633179229571127
0.8507931959757679
0.6623006514625971
0.5993786242055894
0.02008783470567943
0.47263457420990374
0.004603825627033875
0.7358763084073159
0.5337453401070268
0.14939986948470918
0.0529636654912532
0.2310297874144378
0.33990785790754585
0.7298557543612886
0.47194456098516346
0.25991417736689515
0.889969156842066
0.1439835048337389
0.7595048759280901
0.6235319351200992
0.9717528712867256
0.13184513297724187
0.8627338157955347
0.3747587898276724
0.04330157100117682
0.47914145228058913
0.12758863127844267
0.555855516148074
0.8889630274588725
0.174531648878672
0.7430635822951286
0.5959155798842225
0.0047864863740926245
0.17819797072450438
0.15369763140394144
0.33165796899727973
0.19934346936497382
0.2968034076848124
0.009055334233120882
0.061264213452770666
0.2564391719873529
0.9969038096372941
0.09479118190742308
0.5184965802942748
0.14778215395448902
0.8570406693387959
0.3471347663458786
0.16312432667922216
0.20653134279247365
0.7581540403082063
0.4911104230631126
0.7237237678240926
0.8767412736389004
0.8426199709754945
0.06253156041392438
0.5002065586541077
0.13907784778605126
0.7341300770289033
0.5747867090773068
0.5359704577491007
0.479778336748233
0.5037956777978453
0.37366051201093853
0.40335500439391647
0.3176813639331255
0.39227233920959226
0.2869096301144697
0.01112427243386982
0.13325346368670787
0.353365258353164
0.5200403259778367
0.5389876499072583
0.15389119996719847
0.07148965151478637
0.3757105026966817
0.3317085635659176
0.34137872905208644
0.22352448001811565
0.2814061241593492
0.34414053532571753
