0.28153951940903577
0.3908447441701246
0.22730739599466798
0.4446309703501775
0.23481985517771742
0.6715864134599152
0.2969410249184742
0.17841308014728208
0.7073031242958202
0.4687620515034129
0.8138236765108351
0.5723818968695046
0.8143523817065254
0.043853837686715136
0.3449974704915677
0.5454775017214551
0.6731470818355387
0.5363389523996082
0.21052554760223985
0.9483923023230548
0.26090832721165746
0.8211795439198962
0.8820885029420125
0.5108900316572909
0.2076952368491043
0.998737300641232
0.7924859810749908
0.8506415171760952
0.5313714342816135
0.7681192863736983
0.4899112594235009
0.30288527229767936
0.8701922804588604
0.9593763573939036
0.13434434769272874
0.4952593319645988
0.5975645008677305
0.05563946891963012
0.17813471866659858
0.7884409026595266
0.313882097165758
0.6231929129656272
0.6988220296664068
0.9307684062898174
0.6019434326202562
0.18564802238092726
0.2594693375577424
0.533810285657816
0.605306402710691
0.2277946073556517
0.36026011176463935
0.26588364580857127
0.9430397549262642
0.6953716572176725
0.5148367662214418
0.9818151291225281
0.7096803206857735
0.5689126435389215
0.7358352076205614
0.3597749767898929
0.8258079737075116
0.8329854117397629
0.746295931012266
0.9998049971201506
0.8025005363076589
0.4365598080353713
0.5471097795596562
0.3536997578188521
0.062033894639568876
0.6459010455589704
0.0653816444380454
0.30218929462505695
0.31754283178087794
0.5283005813059536
0.48457326929481503
0.6729111762618096
0.15596037180671174
0.17312017606553987
0.5145121133772593
0.5014483655902954
0.8914050067417453
0.6560391705682616
0.29782997312998993
0.37774859340244615
0.9602863197824202
0.6830588193992787
0.8691216461730676
0.7915298713554513
0.6147513698126206
0.31273188249519
0.08409049310876793
0.992816312522685
0.4376958401295863
0.14824922625000236
0.7181744754815429
0.5175365455487393
0.2504152294401705
0.9154300781714283
0.9976222730661322
0.19315715852094717
