0.03283314867142573
0.9354123636770314
0.9907388413521473
0.39271613042817166
0.19894192754660345
0.9376234195612818
0.05877873932383626
0.7805360269065352
0.7392944895431893
0.8906019508782173
0.9615357771599409
0.5789582052513901
0.8936971736724554
0.10143487255253125
0.25371778583874505
0.20906702364778973
0.16374234725716508
0.011746373105032681
0.8659291707449761
0.42467593484029575
0.45175429354264074
0.17588216683781854
0.1532051225373643
0.3434297247168393
0.13567968903421967
0.5313387463977316
0.7762340732231712
0.5923103460914904
0.029904188202037663
0.6626397634718381
0.11964480364562036
0.7301748683141398
0.6360785830806065
0.940526282078346
0.42146086859951204
0.9312423065768239
0.8233892795026672
0.13024129565361842
0.03880162575580648
0.7659862067268887
0.09430942862207548
0.305853080917983
0.3071359854860445
0.7996776697112783
0.8897187484816108
0.6819759928764931
0.26387104215431034
0.6438638324401494
0.9663813739302699
0.27991169291513507
0.10178497044132195
0.042355059511801296
0.7401230719755743
0.1821469811662716
0.5937895736952035
0.5508331635121669
0.62965003572803
0.49730977260412157
0.8877345774163465
0.3779828157873385
0.8588039503696184
0.05709756022137802
0.008442618436534821
0.996086207774309
0.8791486370855137
0.2973576568985902
0.12388996527320273
0.20031113258728095
0.5601358721144849
0.7374119643253648
0.13342503116185433
0.3984611330949186
0.560699131679171
0.9648836498746137
0.4181430096609069
0.04674556057128443
0.8439756388780368
0.0576965215810501
0.6570114718613569
0.3121664875960337
0.12595908134819334
0.9305827893442442
0.45706863332795966
0.23840850962470805
0.15923592560188593
0.18034774068842951
0.17199236368175064
0.919656357832575
0.1445611155907962
0.6223056635572245
0.6905645278567738
0.4455546020076637
0.23587941539556745
0.8597133515743217
0.16503182611988798
0.670562488447996
0.05850073248437526
0.9086934477624906
0.6190912379546878
0.1822462366904396
