0.900824552325573
0.37474115028714006
0.4108247141380563
0.5499800107844143
0.15925144958932025
0.9248642024903628
0.719692920965545
0.31737661577144705
0.9120925627577913
0.3034238996665163
0.5728431906831598
0.4609658283054564
0.21252566324954814
0.7806052126118437
0.6343895131292683
0.5473888612679901
0.17414029484489635
0.5986412060256749
0.4106889641857193
0.7894445679113778
0.09858452017940467
0.837807029354628
0.3118687373218624
0.7031607667527844
0.7576620782237111
0.8927741766562199
0.3231411538301805
0.8497279136589996
0.83454904431428
0.002714597018735332
0.9199702649421104
0.44211144384772816
0.7329009857575347
0.20920890966324857
0.08088046663963477
0.16744709272783886
0.4479726977025781
0.5779265612609875
0.2526738810963909
0.17886322528602094
0.9604745547955655
0.513210179474568
0.9050499219540563
0.8441627384729852
0.6617408041732896
0.5191099871472746
0.8750970815366035
0.5038369978473045
0.647886812607104
0.8160788979726434
0.046853362911581375
0.18717214603561694
0.3309839776407697
0.8094520005576422
0.03710846486567532
0.962748387107935
0.706882257441155
0.5239994725521375
0.4658476196563227
0.3584209330897201
0.7921620651767544
0.7682545282637729
0.07821288345432909
0.07591110064243956
0.19679877659069211
0.9729834990555807
0.45458502718652805
0.0464246468139099
0.5344747163735931
0.36007827102023915
0.29636513980195767
0.7262535910258923
0.389074936845367
0.34131562031738916
0.30726203590670564
0.4151070837977604
0.8537547985560888
0.8208423159570963
0.5033678118056784
0.2949554272296472
0.2380686361625053
0.3809083980507011
0.380030580544623
0.8334611843465046
0.39900104503740264
0.16728558967042062
0.739510060725633
0.17360943890261538
0.2933428127104949
0.6589717978392508
0.14062819136596094
0.13993917103596443
0.7717061634269977
0.4061961932199105
0.8701032958832542
0.5318161785927177
0.33857483503595753
0.2514042318262979
0.05498334198417554
0.4454775918158975
