0.5881364112064684
0.5098153643225397
0.036570020889339805
0.4691164609268943
0.2922456345872586
0.07931069180760852
0.4084519655442863
0.7290642876909065
0.6647193349678059
0.4738216534659646
0.18474227933103837
0.930168859080431
0.15526486906962045
0.33005479066063237
0.4093417304356909
0.7297527143090996
0.23669550916659288
0.024302200791705197
0.14302576394426858
0.012077865399917065
0.04068830452426353
0.6542506694999667
0.17238008926910975
0.889030540630103
0.37019059080506944
0.7901170059456071
0.9730858358373216
0.5427792612344704
0.5706838610690329
0.08010111910467788
0.4297823867989594
0.347448438290349
0.9778643827143297
0.007062310335800515
0.5657118381671336
0.05938882752263652
0.17590238353306542
0.8364881486790477
0.06757640560470501
0.24941521742743966
0.09829240973730713
0.07023993021940345
0.7045158688775922
0.5654206953204387
0.08240941055959905
0.5262221642278039
0.8348394340468142
0.860066004892476
0.34923685694399986
0.501037996956508
0.07012230004381614
0.6957816540825007
0.021334204575158666
0.34085623547656085
0.8235042725637673
0.2481091810278928
0.7149630074799462
0.1451300844137291
0.9075041860800281
0.16844745611139722
0.946392547167217
0.25847142735401485
0.5663902106716828
0.5385586442798214
0.07775709785682594
0.6678985151319848
0.3291230346194788
0.651727591449348
0.2944389140680521
0.4158396228125564
0.8511153981835896
0.9892576190114198
0.15380222747509653
0.663688162139109
0.4765278215537183
0.42602462378147365
0.5742051526850915
0.09637005887300154
0.5975469484837131
0.3951002256089047
0.7435684860567024
0.9452972309259645
0.013070029513477466
0.46899450947066523
0.3183810156051414
0.025245756800948316
0.39644465348142377
0.5738569164880158
0.45687334718189665
0.8301109882893704
0.6703904348162646
0.8430139381392208
0.6841935165506008
0.9131561651580047
0.5569550131586595
0.9375103919734186
0.3227688268843415
0.489284870406444
0.8213341613926174
0.5138611094667217
