0.23764096140395774
0.44003220408597743
0.7606114369837342
0.4030078090861322
0.9444114927514291
0.6763830486023822
0.30195027060849966
0.9795161410814941
0.7065380470839604
0.12019017112829822
0.6694971785443097
0.14633587485974742
0.10907165112063621
0.40187907144079815
0.9552319957138512
0.33798729124712845
0.7375281863635678
0.7402902871648428
0.08622703203579685
0.9538248830896809
0.013437998984529909
0.36992416240973613
0.6192540611981318
0.6730694221894026
0.94221945886365
0.3115167525463549
0.5134042103969334
0.1745879955635875
0.5143738372272386
0.24379030592254347
0.5323630244195151
0.8869407313028883
0.7676002494549968
0.7273850100482415
0.21020844117938353
0.5280021470521423
0.06528125846487753
0.0563934550375621
0.3780773554600567
0.35850415373084465
0.9758910115555086
0.5685827792561482
0.09377178189949409
0.270136480227542
0.2482295476737726
0.3323038967582703
0.44235300630897456
0.05637972432799965
0.7689882836103503
0.7462511475989478
0.08299824311311577
0.47303505486738795
0.062003754393555766
0.7376495330009316
0.6058710735676592
0.9854538778167283
0.8426571652739479
0.9251115748363948
0.7324834899936266
0.4207595363456237
0.3762303079883278
0.32431842018738666
0.14400368575816225
0.09589235512584071
0.9056287019565709
0.9178456699117843
0.25419088201741935
0.3760986301199297
0.2117351653663817
0.6848670035528783
0.5571142649433628
0.033522538260294055
0.4487582426933501
0.4921334256135137
0.27454021839453824
0.22185007897595954
0.7572914147957491
0.5845401432573859
0.9038486588190106
0.3604918146358179
0.7994010635362825
0.28175646448208325
0.9245651433749215
0.7305818481767875
0.28291202638173774
0.8868091076200395
0.36007309182016967
0.12510797949128183
0.7461616119997131
0.7431724507930091
0.11079582493709461
0.4667783823331766
0.3598445312826909
0.8388339956435378
0.9761155282598084
0.9097680463447945
0.26917238908836605
0.3489670357876715
0.06452282373687013
0.5752784324831687
