0.047423372384202245
0.03325668219175426
0.8549662544810283
0.7358816752720408
0.16105899580176852
0.45958942392734603
0.5170988030757986
0.9599107767808593
0.9569365967493062
0.6127305766241027
0.2240943997005479
0.45469555171994436
0.5737474575016859
0.5647778453860531
0.09893376579892998
0.6062336552800256
0.3526627890270717
0.5335934447120376
0.12353634408596637
0.5029247095673213
0.7762699879579628
0.8360812535254738
0.8098406104426613
0.052284771203690905
0.7002348937853768
0.9550895324871972
0.6829123835671334
0.15209752602638693
0.6587256417355166
0.1818835698204695
0.6583869980160336
0.26124755252542586
0.32248665458693804
0.07054733870411178
0.21002777128750338
0.6305200170183318
0.7675519049791683
0.24633638519651924
0.8179097778438712
0.3999403399889543
0.07293851894004744
0.9469190734013107
0.563714646756836
0.7467662872766974
0.9072637105119594
0.04360682022722473
0.8968482991312531
0.2770343965575395
0.18707866988786837
0.1890883057059407
0.5335707267419558
0.8936009053728011
0.5938158155449332
0.16884653510958236
0.17105271511667697
0.4449074118702988
0.7215959514113545
0.4953518607174727
0.1992514850237732
0.5612397822454571
0.8947451098704127
0.777288033071628
0.8757238374414059
0.21903827003705434
0.2417205495753174
0.4204822674499331
0.49197149389160433
0.7388557034088543
0.44124885989198037
0.7728748218248592
0.9046403868320364
0.11884974689828542
0.6668289060200693
0.9127770784385563
0.4308717811628596
0.8332345048249702
0.6473553595056459
0.8978315245619767
0.5143302051743582
0.4839051062474662
0.43446904610312576
0.4415012214292656
0.7569089426543663
0.983488824925345
0.4213428814266944
0.6645799612199663
0.880841506043544
0.269364955668552
0.3929625226219169
0.7811287112074577
0.9369226329253943
0.9007346255564702
0.9045637799563147
0.32140799931422037
0.6067705723065456
0.2746107561689891
0.08273926918070107
0.7687898149292739
0.760537375384329
0.6116379880283233
