0.022829169395922055
0.29329677038062485
0.526201866103027
0.30894080236862953
0.3165616907924954
0.6013302001775078
0.002555277326154237
0.7347372801827529
0.8855113792805624
0.7893131183865362
0.4052172205910308
0.04824549210801943
0.21879408461354632
0.4883879728408199
0.8734955090363059
0.16844773127467083
0.317519528682925
0.517972987906286
0.38562992230151716
0.5865676947858616
0.1338737109505711
0.7278952010936323
0.23093721448444438
0.31965424819023325
0.05930511528554794
0.7019824172564573
0.2696002715315837
0.9364546275071876
0.06413991291209797
0.5204098847294384
0.774321735095447
0.2517990255072272
0.42005359477209436
0.8337622243661835
0.9927886307861821
0.9820075773432639
0.5471771652598812
0.0886847500580652
0.695870672560139
0.3813697903724288
0.41921822783709173
0.8631624619818468
0.8837025412475598
0.638535498805156
0.13282875630552338
0.9188792095992312
0.5102757839317731
0.6016954209656613
0.7015524609376571
0.7587733185772928
0.5568935820061154
0.22271893659068243
0.8700369908588611
0.18982050170448916
0.03581724242135631
0.962954772074739
0.7607970659325373
0.634238221193974
0.5376609022091844
0.28719053367468395
0.4636664020064105
0.7067205058020904
0.749566324193058
0.2873052006818677
0.25717838668837156
0.8809757942303954
0.9659172573236349
0.42343809051460035
0.011465971485135285
0.9057543452544062
0.9893287640001576
0.34803697526297295
0.46387386564444255
0.9987166762744365
0.9768736973578297
0.7869368303220496
0.4813269730897062
0.7459069978509605
0.724985130535407
0.4916598456336908
0.12760099725014773
0.0652615882276002
0.6061997440672137
0.3484167542160176
0.3389922824163215
0.5544943015981929
0.8718844717868474
0.8318278154824623
0.2784861271356144
0.03686679637579604
0.31731445248044166
0.12517167415312713
0.9863736556225473
0.1427644491691371
0.3689473205026339
0.3940088191075575
0.7743694152930468
0.3206632071935146
0.49846549924411265
0.8963158149011743
